Date of Sale (dd/mm/yyyy),Address,Postal Code,County,Price (€),Not Full Market Price,VAT Exclusive,Description of Property,Property Size Description
"01/06/2015","12 Edward Lane, Bloomfield Avenue, Dublin 4","Dublin 4","Dublin","€627,753.00","No","No","Second-Hand Dwelling house /Apartment",""
"01/06/2015","12 Edward Place, Bloomfield Avenue, Dublin 4","Dublin 4","Dublin","€359,912.00","No","No","Second-Hand Dwelling house /Apartment",""
"01/06/2015","13 Edward Square, Bloomfield Avenue, Dublin 4","Dublin 4","Dublin","€1,409,692.00","No","No","Second-Hand Dwelling house /Apartment",""
"01/06/2015","14 Edward Square, Bloomfield Avenue, Dublin 4","Dublin 4","Dublin","€1,409,692.00","No","No","Second-Hand Dwelling house /Apartment",""
"01/06/2015","15  Donnybrook Green, Donnybrook, Dublin 4","Dublin 4","Dublin","€295,550.00","No","No","Second-Hand Dwelling house /Apartment",""
"01/06/2015","16 Edward Square, Bloomfield Avenue, Dublin 4","Dublin 4","Dublin","€1,374,449.00","No","No","Second-Hand Dwelling house /Apartment",""
"01/06/2015","17 Edward Square, Bloomfield Avenue, Dublin 4","Dublin 4","Dublin","€1,374,449.00","No","No","Second-Hand Dwelling house /Apartment",""
"01/06/2015","175 MOYVILLE, RATHFARNHAM, DUBLIN 16","Dublin 16","Dublin","€385,000.00","No","No","Second-Hand Dwelling house /Apartment",""
"01/06/2015","19 Edward Lane, Bloomfield Avenue, Dublin 4","Dublin 4","Dublin","€627,753.00","No","No","Second-Hand Dwelling house /Apartment",""
"01/06/2015","2 Edward Lane, Bloomfield Avenue, Dublin 4","Dublin 4","Dublin","€519,824.00","No","No","Second-Hand Dwelling house /Apartment",""
"01/06/2015","2 Edward Place, Bloomfield Avenue, Dublin 4","Dublin 4","Dublin","€585,903.00","No","No","Second-Hand Dwelling house /Apartment",""
"01/06/2015","20 Edward Lane, Bloomfield Avenue, Dublin 4","Dublin 4","Dublin","€627,753.00","No","No","Second-Hand Dwelling house /Apartment",""
"01/06/2015","21 Edward Lane, Bloomfield Avenue, Dublin 4","Dublin 4","Dublin","€439,427.00","No","No","Second-Hand Dwelling house /Apartment",""
"01/06/2015","22 Edward Lane, Bloomfield Avenue, Dublin 4","Dublin 4","Dublin","€376,652.00","No","No","Second-Hand Dwelling house /Apartment",""
"01/06/2015","23 Edward Lane, Bloomfield Avenue, Dublin 4","Dublin 4","Dublin","€460,352.00","No","No","Second-Hand Dwelling house /Apartment",""
"01/06/2015","3 Edward Lane, Bloomfield Avenue, Dublin 4","Dublin 4","Dublin","€539,868.00","No","No","Second-Hand Dwelling house /Apartment",""
"01/06/2015","3 Edward Place, Bloomfield Avenue, Dublin 4","Dublin 4","Dublin","€585,903.00","No","No","Second-Hand Dwelling house /Apartment",""
"01/06/2015","7 Edward Lane, Bloomfield Avenue, Dublin 4","Dublin 4","Dublin","€1,048,458.00","No","No","Second-Hand Dwelling house /Apartment",""
"01/06/2015","7 Edward Place, Bloomfield Avenue, Dublin 4","Dublin 4","Dublin","€209,251.00","No","No","Second-Hand Dwelling house /Apartment",""
"01/06/2015","9 Edward Square, Bloomfield Avenue, Dublin 4","Dublin 4","Dublin","€1,828,194.00","No","No","Second-Hand Dwelling house /Apartment",""
"01/06/2015","9 IVY COURT, BEAUMONT, DUBLIN 9","Dublin 9","Dublin","€230,000.00","No","No","Second-Hand Dwelling house /Apartment",""
"01/06/2015","SHREWSBURY SQ 37, BALLSBRIDGE, DUBLIN 4","Dublin 4","Dublin","€730,000.00","No","No","Second-Hand Dwelling house /Apartment",""
"02/06/2015","1 FOXFORD COURT BALLYOWEN LUCAN, DUBLIN","","Dublin","€152,000.00","No","No","Second-Hand Dwelling house /Apartment",""
"02/06/2015","1 MEADOW DALE HARTSTOWN, CLONSILLA DUBLIN 15, DUBLIN","Dublin 15","Dublin","€234,000.00","No","No","Second-Hand Dwelling house /Apartment",""
"02/06/2015","100 GLASNEVIN AVE, GLASNEVIN, DUBLIN 11","Dublin 11","Dublin","€425,000.00","No","No","Second-Hand Dwelling house /Apartment",""
"02/06/2015","109 JAMESTOWN RD, FINGLAS, DUBLIN 11","Dublin 11","Dublin","€267,000.00","No","No","Second-Hand Dwelling house /Apartment",""
"02/06/2015","11 ST BRIGIDS LAWN, KILLESTER, DUBLIN 5","Dublin 5","Dublin","€460,000.00","No","No","Second-Hand Dwelling house /Apartment",""
"02/06/2015","117 Castlemoyne, Balgriffin, Dublin 13","Dublin 13","Dublin","€462,555.00","No","Yes","New Dwelling house /Apartment","greater than or equal to 38 sq metres and less than 125 sq metres"
"02/06/2015","120 OLD DISTILLERY BUILDING, BERESFORD ST, DUBLIN 7","Dublin 7","Dublin","€210,000.00","No","No","Second-Hand Dwelling house /Apartment",""
"02/06/2015","13 DUNSOGHLY CLOSE, FINGLAS, DUBLIN 11","Dublin 11","Dublin","€125,000.00","No","No","Second-Hand Dwelling house /Apartment",""
"02/06/2015","132 ASHCROFT, STATION RD, RAHENY DUBLIN 5","Dublin 5","Dublin","€305,000.00","No","No","Second-Hand Dwelling house /Apartment",""
"02/06/2015","14 FERNS RD, CRUMLIN, DUBLIN 12","Dublin 12","Dublin","€200,000.00","No","No","Second-Hand Dwelling house /Apartment",""
"02/06/2015","14 WESTON GROVE, CHURCHTOWN, DUBLIN 14","Dublin 14","Dublin","€555,000.00","No","No","Second-Hand Dwelling house /Apartment",""
"02/06/2015","15 RUSHBROOK AVENUE, TEMPLEOGUE, DUBLIN 6W","","Dublin","€396,000.00","No","No","Second-Hand Dwelling house /Apartment",""
"02/06/2015","19 Ashe Grove, Knocksedan Demesne, Swords","","Dublin","€317,180.61","No","Yes","New Dwelling house /Apartment","greater than or equal to 38 sq metres and less than 125 sq metres"
"02/06/2015","2 Newbury Park, Clonshaugh","Dublin 17","Dublin","€195,000.00","No","No","Second-Hand Dwelling house /Apartment",""
"02/06/2015","200 CARROW ROAD, DRIMNAGH, DUBLIN 12","Dublin 12","Dublin","€195,000.00","No","No","Second-Hand Dwelling house /Apartment",""
"02/06/2015","22 NORTHBROOK TERRACE, NORTH STRAND, DUBLIN 3","Dublin 3","Dublin","€240,000.00","No","No","Second-Hand Dwelling house /Apartment",""
"02/06/2015","25 SHANCASTLE LAWNS, QUARRYVALE, CLONDALKIN DUBLIN 22","Dublin 22","Dublin","€155,000.00","No","No","Second-Hand Dwelling house /Apartment",""
"02/06/2015","29 Longview Avenue, Millers Glen, Swords","","Dublin","€217,215.00","No","Yes","New Dwelling house /Apartment","greater than or equal to 38 sq metres and less than 125 sq metres"
"02/06/2015","36 MARSHAM COURT, KILMACUD RD UPPER, STILLORGAN","","Dublin","€410,000.00","No","No","Second-Hand Dwelling house /Apartment",""
"02/06/2015","36 TAMARISK COURT, KILNAMANAGH ESTATE, TALLAGHT DUBLIN 24","Dublin 24","Dublin","€300,000.00","No","No","Second-Hand Dwelling house /Apartment",""
"02/06/2015","38 Kildonan Road, Finglas","Dublin 11","Dublin","€181,000.00","No","No","Second-Hand Dwelling house /Apartment",""
"02/06/2015","4 CAMPBELLS COURT, MAIN ST, HOWTH DUBLIN 13","Dublin 13","Dublin","€425,000.00","No","No","Second-Hand Dwelling house /Apartment",""
"02/06/2015","4 WOODSIDE, CLONTARF, DUBLIN 3","Dublin 3","Dublin","€850,000.00","No","No","Second-Hand Dwelling house /Apartment",""
"02/06/2015","5 GREAT WESTERN VILLAS, PHIBSBORO, DUBLIN 7","Dublin 7","Dublin","€220,000.00","No","No","Second-Hand Dwelling house /Apartment",""
"02/06/2015","54 Kilmartin Avenue, Fettercairn, Tallaght","","Dublin","€82,000.00","No","No","Second-Hand Dwelling house /Apartment",""
"02/06/2015","72 GRIFFIITH COURT, FAIRVIEW, DUBLIN 3","","Dublin","€440,000.00","No","No","Second-Hand Dwelling house /Apartment",""
"02/06/2015","75 THORNFIELD SQ, CLONDALKIN, DUBLIN 22","Dublin 22","Dublin","€125,000.00","No","No","Second-Hand Dwelling house /Apartment",""
"02/06/2015","8 CAMMOCK APTS, MOUNTBROWN, KILMAINHAM DUBLIN 8","Dublin 8","Dublin","€133,000.00","No","No","Second-Hand Dwelling house /Apartment",""
"02/06/2015","8 Mapas Avenue, Dalkey","","Dublin","€595,000.00","No","No","Second-Hand Dwelling house /Apartment",""
"02/06/2015","98 BELGROVE PARK, MOUNT PROSPECT LAWNS, DUBLIN 3","Dublin 3","Dublin","€300,000.00","No","No","Second-Hand Dwelling house /Apartment",""
"02/06/2015","APARTMENT 117, HARDWICKE, NORTH BRUNSWICK STREET","","Dublin","€130,000.00","No","No","Second-Hand Dwelling house /Apartment",""
"02/06/2015","Apartment No. 15, The Crofton  George's Place, Dun Laoghaire","","Dublin","€211,454.00","No","Yes","New Dwelling house /Apartment","less than 38 sq metres"
"02/06/2015","APT 70 BEAUMONT COURT, BEAUMONT WOODS, BEAUMONT RD DUBLIN 9","Dublin 9","Dublin","€200,000.00","No","No","Second-Hand Dwelling house /Apartment",""
"02/06/2015","Number 53, Seabrook  Brook Lane, Rush","","Dublin","€233,480.18","No","Yes","New Dwelling house /Apartment","greater than 125 sq metres"
"03/06/2015","104 LONGBOAT QUAY SOUTH, HANOVER QUAY, DUBLIN 2","Dublin 2","Dublin","€400,000.00","No","No","Second-Hand Dwelling house /Apartment",""
"03/06/2015","12 Wingfield, Corke Abbey, Bray","","Dublin","€370,044.05","No","Yes","New Dwelling house /Apartment","less than 38 sq metres"
"03/06/2015","13 STRALEM COURT, ONGAR WOOD, ONGAR DUBLIN 15","Dublin 15","Dublin","€145,000.00","No","No","Second-Hand Dwelling house /Apartment",""
"03/06/2015","15 THE QUARTZ, THE GRANGE, BREWERY RD","","Dublin","€485,000.00","No","No","Second-Hand Dwelling house /Apartment",""
"03/06/2015","18 ASHINGTON CRESCENT, NAVAN RD, DUBLIN 7","Dublin 7","Dublin","€320,000.00","No","No","Second-Hand Dwelling house /Apartment",""
"03/06/2015","18 THE COURT, LARCHILL, SANTRY","","Dublin","€143,000.00","No","No","Second-Hand Dwelling house /Apartment",""
"03/06/2015","18 THE MILLRACE, CHAPELIZOD, DUBLIN 20","Dublin 20","Dublin","€175,000.00","No","No","Second-Hand Dwelling house /Apartment",""
"03/06/2015","21 CAMBRIDGE TERRACE, YORK RD, DUN LAOGHAIRE","","Dublin","€1,000,000.00","No","No","Second-Hand Dwelling house /Apartment",""
"03/06/2015","22 ESKER DR, LUCAN, DUBLIN","","Dublin","€194,000.00","No","No","Second-Hand Dwelling house /Apartment",""
"03/06/2015","22 Whiteoaks, Clonskeagh","Dublin 14","Dublin","€175,491.00","Yes","No","Second-Hand Dwelling house /Apartment",""
"03/06/2015","24 THE BRIDGE, SHANKILL, DUBLIN","Dublin 18","Dublin","€215,000.00","No","No","Second-Hand Dwelling house /Apartment",""
"03/06/2015","25 ST IGNATIUS RD, DRUMCONDRA, DUBLIN 9","Dublin 9","Dublin","€265,000.00","No","No","Second-Hand Dwelling house /Apartment",""
"03/06/2015","26 CAMBRIDGE AVE, RINGSEND, DUBLIN 4","Dublin 4","Dublin","€290,000.00","No","No","Second-Hand Dwelling house /Apartment",""
"03/06/2015","27 CARLETON RD, MARINO, DUBLIN 3","Dublin 3","Dublin","€363,000.00","No","No","Second-Hand Dwelling house /Apartment",""
"03/06/2015","28 ESPOSITO RD, WALKINSTOWN, DUBLIN 12","Dublin 12","Dublin","€287,000.00","No","No","Second-Hand Dwelling house /Apartment",""
"03/06/2015","28 Foxborough Park, Lucan","","Dublin","€29,742.97","Yes","No","Second-Hand Dwelling house /Apartment",""
"03/06/2015","3 The Green, Millars Glen, Swords","","Dublin","€278,250.00","No","Yes","New Dwelling house /Apartment","greater than or equal to 38 sq metres and less than 125 sq metres"
"03/06/2015","34 DODDER BANK, DUNDRUM RD, MILLTOWN DUBLIN 6","Dublin 14","Dublin","€405,000.00","No","No","Second-Hand Dwelling house /Apartment",""
"03/06/2015","384 Clogher Road, Crumlin","Dublin 12","Dublin","€372,700.00","No","No","Second-Hand Dwelling house /Apartment",""
"03/06/2015","43 CHAPEL CLOSE, BALBRIGGAN, DUBLIN","","Dublin","€195,000.00","No","No","Second-Hand Dwelling house /Apartment",""
"03/06/2015","5 WARRENSTOWN DOWNS, BLANCHARDSTOWN MEATH, DUBLIN 15","Dublin 15","Dublin","€207,000.00","No","No","Second-Hand Dwelling house /Apartment",""
"03/06/2015","51 The Close, Kingswood Heights, Tallaght","Dublin 24","Dublin","€235,000.00","No","No","Second-Hand Dwelling house /Apartment",""
"03/06/2015","52 Seabrook, Brook Lane, Rush","","Dublin","€260,000.00","No","Yes","New Dwelling house /Apartment","greater than or equal to 38 sq metres and less than 125 sq metres"
"03/06/2015","61 WINDMILL TERRACE, COOLMINE, DUBLIN 15","Dublin 15","Dublin","€260,000.00","No","No","Second-Hand Dwelling house /Apartment",""
"03/06/2015","62 Bracken Park Drive, CarpenterstownRoad, Castleknock","Dublin 15","Dublin","€615,017.00","No","Yes","New Dwelling house /Apartment","greater than 125 sq metres"
"03/06/2015","65 The Elms, Ridgewood, Swords","","Dublin","€268,722.00","No","Yes","New Dwelling house /Apartment","greater than or equal to 38 sq metres and less than 125 sq metres"
"03/06/2015","67 BOROIMHE MAPLES, BOROIMHE, SWORDS","","Dublin","€215,000.00","Yes","No","Second-Hand Dwelling house /Apartment",""
"03/06/2015","69 MARIAN RD, RATHFARNHAM, DUBLIN 14","Dublin 14","Dublin","€445,000.00","No","No","Second-Hand Dwelling house /Apartment",""
"03/06/2015","7 PARKLANDS COURT, FIRHOUSE, DUBLIN 24","","Dublin","€178,000.00","No","No","Second-Hand Dwelling house /Apartment",""
"03/06/2015","7 The Linnett, Barnageeragh Cove, Skerries","","Dublin","€277,533.00","No","Yes","New Dwelling house /Apartment","greater than or equal to 38 sq metres and less than 125 sq metres"
"03/06/2015","82 College Square, Wainsfort Manor Drive, Terenure","Dublin 6w","Dublin","€555,065.00","No","Yes","New Dwelling house /Apartment","greater than or equal to 38 sq metres and less than 125 sq metres"
"03/06/2015","Apartment 17 Block 12, Clarion Quay, IFSC","Dublin 1","Dublin","€232,101.00","Yes","No","Second-Hand Dwelling house /Apartment",""
"03/06/2015","Apartment 225  Block D1, The Cubes, Beacon South Quarter","Dublin 18","Dublin","€275,000.00","No","Yes","New Dwelling house /Apartment","greater than or equal to 38 sq metres and less than 125 sq metres"
"03/06/2015","Apartment 6 Dunville Court, Ranelagh, Dublin 6","Dublin 6","Dublin","€258,500.00","No","No","Second-Hand Dwelling house /Apartment",""
"03/06/2015","APT 13 FOUR SEASONS HOTEL, BALLSBRIDGE, DUBLIN 4","","Dublin","€825,000.00","No","No","Second-Hand Dwelling house /Apartment",""
"03/06/2015","APT 240, CUSTOM HOUSE HARBOUR, I.F.S.C.","","Dublin","€303,000.00","No","No","Second-Hand Dwelling house /Apartment",""
"03/06/2015","APT 9 HOUSE 2, LINDEN COURT, GROVE AVE","","Dublin","€268,000.00","No","No","Second-Hand Dwelling house /Apartment",""
"03/06/2015","Unit No 4. Warren Lodge, Sutton","","Dublin","€907,500.00","No","Yes","New Dwelling house /Apartment","less than 38 sq metres"
"04/06/2015","1 St. Mochtas Avenue, Coolmine, Clonsilla","Dublin 15","Dublin","€267,500.00","No","No","Second-Hand Dwelling house /Apartment",""
"04/06/2015","1 THE PINES, FRENCHPARK, TYRELLSTOWN","Dublin 15","Dublin","€141,000.00","No","No","Second-Hand Dwelling house /Apartment",""
"04/06/2015","11 SYCAMORE AVE, CARPENTERSTOWN PK, DUBLIN 15","Dublin 15","Dublin","€375,000.00","No","No","Second-Hand Dwelling house /Apartment",""
"04/06/2015","12 VILLA PARK GARDENS, NAVAN RD, DUBLIN 7","Dublin 7","Dublin","€465,000.00","No","No","Second-Hand Dwelling house /Apartment",""
"04/06/2015","121 NORTH CIRCULAR ROAD, DUBLIN 7","","Dublin","€343,000.00","No","No","Second-Hand Dwelling house /Apartment",""
"04/06/2015","134 GRANGE ROAD, RATHFARNHAM, DUBLIN 16","","Dublin","€110,000.00","Yes","No","Second-Hand Dwelling house /Apartment",""
"04/06/2015","14 RATHMORE, THE LINKS, STATION RD","Dublin 13","Dublin","€178,000.00","No","No","Second-Hand Dwelling house /Apartment",""
"04/06/2015","16 CASTLE TERRACE COURT, ST MARGARETS AVE, MALAHIDE","","Dublin","€260,000.00","No","No","Second-Hand Dwelling house /Apartment",""
"04/06/2015","17 CLAREMOUNT, DUBLIN 18, DUBLIN","Dublin 18","Dublin","€950,000.00","No","No","Second-Hand Dwelling house /Apartment",""
"04/06/2015","17 ST MICHAELS TERRACE, BLACKPITTS, DUBLIN 8","Dublin 8","Dublin","€320,000.00","No","No","Second-Hand Dwelling house /Apartment",""
"04/06/2015","174 HUNTSTOWN WOOD, CLONSILLA, DUBLIN 15","Dublin 15","Dublin","€155,000.00","No","No","Second-Hand Dwelling house /Apartment",""
"04/06/2015","18 ST SAMSONS COURT, BALGRIFFIN, DUBLIN 13","Dublin 13","Dublin","€163,500.00","No","No","Second-Hand Dwelling house /Apartment",""
"04/06/2015","19 WYATTVILLE PARK, LOUGHLINSTOWN, DUBLIN","","Dublin","€407,000.00","No","No","Second-Hand Dwelling house /Apartment",""
"04/06/2015","2 WATERSIDE COURT, WATERSIDE, SWORDS RD","Dublin 9","Dublin","€250,000.00","No","No","Second-Hand Dwelling house /Apartment",""
"04/06/2015","21 ORANMORE RD, BALLYFERMOT, DUBLIN 10","Dublin 10","Dublin","€179,950.00","No","No","Second-Hand Dwelling house /Apartment",""
"04/06/2015","23 ALLENDALE CLOSE, CLONSILLA, DUBLIN 15","Dublin 15","Dublin","€235,000.00","No","No","Second-Hand Dwelling house /Apartment",""
"04/06/2015","250 CHERRYWOOD LAWN, CLONDALKIN, DUBLIN 22","Dublin 22","Dublin","€180,000.00","No","No","Second-Hand Dwelling house /Apartment",""
"04/06/2015","26 Grace Park Manor, Grace Park Road, Drumcondra","Dublin 9","Dublin","€297,000.00","No","No","Second-Hand Dwelling house /Apartment",""
"04/06/2015","27 THE FAIRWAYS, SEABROOK MANOR, STATION RD","Dublin 13","Dublin","€325,000.00","No","No","Second-Hand Dwelling house /Apartment",""
"04/06/2015","32 RATHGAR AVE, RATHGAR, DUBLIN 6","Dublin 6","Dublin","€900,000.00","No","No","Second-Hand Dwelling house /Apartment",""
"04/06/2015","38 DUN EMER WALK, LUSK, DUBLIN","","Dublin","€138,000.00","No","No","Second-Hand Dwelling house /Apartment",""
"04/06/2015","38 THE STILES RD, CLONTARF, DUBLIN 3","Dublin 3","Dublin","€950,000.00","No","No","Second-Hand Dwelling house /Apartment",""
"04/06/2015","43, LARCHFIELD ROAD, GOATSTOWN","Dublin 14","Dublin","€565,500.00","No","No","Second-Hand Dwelling house /Apartment",""
"04/06/2015","50 OAK HOUSE, MESPIL ESTATE, SUSSEX RD","Dublin 4","Dublin","€200,000.00","No","No","Second-Hand Dwelling house /Apartment",""
"04/06/2015","51 FINGAL ST, CORK ST, DUBLIN 8","Dublin 8","Dublin","€163,000.00","No","No","Second-Hand Dwelling house /Apartment",""
"04/06/2015","51 OAK HOUSE, MESPIL ESTATE, SUSSEX RD","Dublin 4","Dublin","€200,000.00","No","No","Second-Hand Dwelling house /Apartment",""
"04/06/2015","52 HAZELGROVE, BLESSINGTON RD, KILLINARDEN DUBLIN 24","Dublin 24","Dublin","€164,000.00","No","No","Second-Hand Dwelling house /Apartment",""
"04/06/2015","59 Hampton Wood Green, Finglas, Dublin 11","Dublin 11","Dublin","€145,000.00","No","No","Second-Hand Dwelling house /Apartment",""
"04/06/2015","6 THE COURTYARD, FOXROCK PARK, DUBLIN 18","Dublin 18","Dublin","€520,000.00","No","No","Second-Hand Dwelling house /Apartment",""
"04/06/2015","60 Brookdale Road, Rivervalley, Swords","","Dublin","€245,000.00","No","No","Second-Hand Dwelling house /Apartment",""
"04/06/2015","63 ANNAMOE RD, PHIBSBORO, DUBLIN 7","Dublin 7","Dublin","€490,000.00","No","No","Second-Hand Dwelling house /Apartment",""
"04/06/2015","7 GLENSHANE GARDENS, TALLAGHT, DUBLIN 24","Dublin 24","Dublin","€115,000.00","No","No","Second-Hand Dwelling house /Apartment",""
"04/06/2015","7 Hunters Row, Clontarf, Dublin 3","Dublin 3","Dublin","€452,000.00","No","No","Second-Hand Dwelling house /Apartment",""
"04/06/2015","72A Seafield Road East, Clontarf, Dublin 3","Dublin 3","Dublin","€2,350,000.00","No","No","Second-Hand Dwelling house /Apartment",""
"04/06/2015","74 LATCHFORD GREEN, Latchford, DUBLIN 15","Dublin 15","Dublin","€260,000.00","No","No","Second-Hand Dwelling house /Apartment",""
"04/06/2015","75 FINN EBER FORT, WELLMOUNT RD, FINGLAS DUBLIN 11","Dublin 11","Dublin","€225,000.00","No","No","Second-Hand Dwelling house /Apartment",""
"04/06/2015","8 Brookville Park, Blackrock","","Dublin","€433,000.00","No","No","Second-Hand Dwelling house /Apartment",""
"04/06/2015","8 MEADOW PARK, CHURCHTOWN, DUBLIN 14","Dublin 14","Dublin","€418,000.00","No","No","Second-Hand Dwelling house /Apartment",""
"04/06/2015","9 RIDGEWOOD CLOSE, SWORDS, DUBLIN","","Dublin","€220,000.00","No","No","Second-Hand Dwelling house /Apartment",""
"04/06/2015","90 Castleland Park Way, Balbriggan, County Dublin","","Dublin","€173,250.00","No","Yes","New Dwelling house /Apartment","less than 38 sq metres"
"04/06/2015","97 EDEN VILLAS, GLASTHULE, DUBLIN","","Dublin","€395,000.00","No","No","Second-Hand Dwelling house /Apartment",""
"04/06/2015","APARTMENT NO 175, SMITHFIELD VILLLAGE, DUBLIN 7","","Dublin","€185,000.00","No","No","Second-Hand Dwelling house /Apartment",""
"04/06/2015","APT 11 BLOCK 4 ANNALY GROVE, ONGAR LODGE, ONGAR","Dublin 15","Dublin","€120,000.00","No","No","Second-Hand Dwelling house /Apartment",""
"04/06/2015","APT 117, BLOCK 4 CUSTOM HALL, LOWER GARDINER ST DUBLIN 1","Dublin 1","Dublin","€88,000.00","No","No","Second-Hand Dwelling house /Apartment",""
"04/06/2015","APT 7 LISSANE, OLD CORDUFF ROAD, DUBLIN 15","","Dublin","€141,000.00","No","No","Second-Hand Dwelling house /Apartment",""
"05/06/2015","1 Deerpark House, Tyrone Court, Thomas Davis Street West","Dublin 8","Dublin","€192,761.00","No","No","Second-Hand Dwelling house /Apartment",""
"05/06/2015","1 Lyre House, Tyrone Court, Thomas Davis Street West","Dublin 8","Dublin","€157,709.00","No","No","Second-Hand Dwelling house /Apartment",""
"05/06/2015","1 PEMBROKE PARK, DONNYBROOK, DUBLIN 4","","Dublin","€6,000.00","No","No","Second-Hand Dwelling house /Apartment",""
"05/06/2015","1 Sion House, Tyrone Court, Thomas Davis Street West","Dublin 8","Dublin","€213,890.00","No","No","Second-Hand Dwelling house /Apartment",""
"05/06/2015","1 Tyrone Avenue, Tyrone Court, Thomas Davis Street","Dublin 8","Dublin","€170,925.00","No","No","Second-Hand Dwelling house /Apartment",""
"05/06/2015","1 Tyrone Court, Thomas Davis Street, Inchicore","Dublin 8","Dublin","€170,925.00","No","No","Second-Hand Dwelling house /Apartment",""
"05/06/2015","10 Applewood Lawn, Swords","","Dublin","€200,000.00","No","No","Second-Hand Dwelling house /Apartment",""
"05/06/2015","10 CHURCH ST, HOWTH, DUBLIN 13","Dublin 13","Dublin","€375,000.00","No","No","Second-Hand Dwelling house /Apartment",""
"05/06/2015","10 Deerpark House, Tyrone Court, Thomas Davis Street West","Dublin 8","Dublin","€192,761.00","No","No","Second-Hand Dwelling house /Apartment",""
"05/06/2015","10 MAPLE CLOSE, CASTLEKNOCK, DUBLIN 15","Dublin 15","Dublin","€405,000.00","No","No","Second-Hand Dwelling house /Apartment",""
"05/06/2015","10 Sion House, Tyrone Court, Thonas Davis Street West","Dublin 8","Dublin","€213,890.00","No","No","Second-Hand Dwelling house /Apartment",""
"05/06/2015","11 Deerpark House, Tyrone Court, Thomas Davis Street West","Dublin 8","Dublin","€192,761.00","No","No","Second-Hand Dwelling house /Apartment",""
"05/06/2015","11 RATHDRUM RD, CRUMLIN, DUBLIN 12","Dublin 12","Dublin","€277,000.00","No","No","Second-Hand Dwelling house /Apartment",""
"05/06/2015","11 RIVERWOOD PLACE, CASTLEKNOCK, DUBLIN 15","Dublin 15","Dublin","€435,000.00","No","No","Second-Hand Dwelling house /Apartment",""
"05/06/2015","11 Sion House, Tyrone Court, Thomas Davis Street West","Dublin 8","Dublin","€213,890.00","No","No","Second-Hand Dwelling house /Apartment",""
"05/06/2015","115 ST GABRIELS, CABINTEELY, DUBLIN","Dublin 18","Dublin","€375,000.00","No","No","Second-Hand Dwelling house /Apartment",""
"05/06/2015","12 Deerpark House, Tyrone Court, Thomas Davis Street West","Dublin 8","Dublin","€192,761.00","No","No","Second-Hand Dwelling house /Apartment",""
"05/06/2015","12 Sion House, Tyrone Court, Thonas Davis Street West","Dublin 8","Dublin","€213,890.00","No","No","Second-Hand Dwelling house /Apartment",""
"05/06/2015","127 RATOATH RD, CABRA WEST, DUBLIN 7","Dublin 7","Dublin","€220,000.00","No","No","Second-Hand Dwelling house /Apartment",""
"05/06/2015","13 Deepark House, Tyrone Court, Thomas Davis Street West","Dublin 8","Dublin","€192,761.00","No","No","Second-Hand Dwelling house /Apartment",""
"05/06/2015","13 Goose Green, Gracepark Road, Drumcondra","","Dublin","€475,000.00","No","Yes","New Dwelling house /Apartment","greater than or equal to 38 sq metres and less than 125 sq metres"
"05/06/2015","13 Sion House, Tyrone Court, Thomas Davis Street West","Dublin 8","Dublin","€213,890.00","No","No","Second-Hand Dwelling house /Apartment",""
"05/06/2015","13 Temple Hall, Mount St Annes, Milltown","Dublin 6","Dublin","€290,749.00","No","Yes","New Dwelling house /Apartment","greater than or equal to 38 sq metres and less than 125 sq metres"
"05/06/2015","14 BELFRY CLOSE, CITYWEST, DUBLIN 24","Dublin 24","Dublin","€195,000.00","No","No","Second-Hand Dwelling house /Apartment",""
"05/06/2015","14 Deerpark House, Tyrone Court, Thomas Davis Street West","Dublin 8","Dublin","€192,761.00","No","No","Second-Hand Dwelling house /Apartment",""
"05/06/2015","14 Sion House, Tyrone Court, Thomas Davis Street West","Dublin 8","Dublin","€213,890.00","No","No","Second-Hand Dwelling house /Apartment",""
"05/06/2015","14 THE OLDE DOCK, SHIP ST LITTLE, DUBLIN 8","Dublin 8","Dublin","€175,000.00","No","No","Second-Hand Dwelling house /Apartment",""
"05/06/2015","147 RATOATH RD, CABRA WEST, DUBLIN 7","Dublin 7","Dublin","€195,000.00","No","No","Second-Hand Dwelling house /Apartment",""
"05/06/2015","15 Deerpark House, Tyrone Court, Thomas Davis Street West","Dublin 8","Dublin","€192,761.00","No","No","Second-Hand Dwelling house /Apartment",""
"05/06/2015","15 Sion House, Tyrone Court, Thomas Davis Street West","Dublin 8","Dublin","€213,890.00","No","No","Second-Hand Dwelling house /Apartment",""
"05/06/2015","15 WHITECLIFF, RATHFARNHAM, DUBLIN 16","Dublin 16","Dublin","€545,000.00","No","No","Second-Hand Dwelling house /Apartment",""
"05/06/2015","16 Castleland Park Way, Ballbriggan","","Dublin","€198,237.88","No","Yes","New Dwelling house /Apartment","greater than or equal to 38 sq metres and less than 125 sq metres"
"05/06/2015","16 Deerpark House, Tyrone Court, Thomas Davis Street West","Dublin 8","Dublin","€192,761.00","No","No","Second-Hand Dwelling house /Apartment",""
"05/06/2015","16 Sion House, Tyrone Court, Thomas Davis Street West","Dublin 8","Dublin","€213,890.00","No","No","Second-Hand Dwelling house /Apartment",""
"05/06/2015","17 CHANCERY HALL, CHURCH ST, DUBLIN 7","Dublin 7","Dublin","€168,000.00","No","No","Second-Hand Dwelling house /Apartment",""
"05/06/2015","17 Deerpark House, Tyrone Court, Thomas Davis Street West","Dublin 8","Dublin","€192,761.00","No","No","Second-Hand Dwelling house /Apartment",""
"05/06/2015","17 PINE GROVE, FIRHOUSE RD, TEMPLEOGUE DUBLIN 16","Dublin 16","Dublin","€302,000.00","No","No","Second-Hand Dwelling house /Apartment",""
"05/06/2015","17 Sion House, Tyrone Court, Thomas Street West","Dublin 8","Dublin","€213,890.00","No","No","Second-Hand Dwelling house /Apartment",""
"05/06/2015","174 BRAIRFIELD GROVE, KILBARRACK, DUBLIN 5","Dublin 5","Dublin","€194,000.00","No","No","Second-Hand Dwelling house /Apartment",""
"05/06/2015","18 CHARNWOOD GROVE, CLONSILLA, DUBLIN 15","Dublin 15","Dublin","€320,000.00","No","No","Second-Hand Dwelling house /Apartment",""
"05/06/2015","18 Deerpark House, Tyrone Court, Thomas Davis Street West","Dublin 8","Dublin","€192,761.00","No","No","Second-Hand Dwelling house /Apartment",""
"05/06/2015","18 Sion House, Tyrone Court, Thomas Davis Street West","Dublin 8","Dublin","€213,890.00","No","No","Second-Hand Dwelling house /Apartment",""
"05/06/2015","19 BUNBURY GATE CRESCENT, SWORDS, DUBLIN","","Dublin","€326,000.00","No","No","Second-Hand Dwelling house /Apartment",""
"05/06/2015","19 Deerpark House, Tyrone Court, Thomas Davis Street West","Dublin 8","Dublin","€192,761.00","No","No","Second-Hand Dwelling house /Apartment",""
"05/06/2015","19 HEATHFIELD PARK, CAPPAGH ROAD, FINGLAS","Dublin 11","Dublin","€198,193.82","No","Yes","New Dwelling house /Apartment","greater than 125 sq metres"
"05/06/2015","19 KNOCKNAREA RD, DRIMNAGH, DUBLIN 12","Dublin 12","Dublin","€190,000.00","No","No","Second-Hand Dwelling house /Apartment",""
"05/06/2015","19 Sion House, Tyrone Court, Thomas Davis Street West","Dublin 8","Dublin","€213,890.00","No","No","Second-Hand Dwelling house /Apartment",""
"05/06/2015","2 BOOLAVOGUE RD, DUBLIN 3, DUBLIN","Dublin 3","Dublin","€275,000.00","No","No","Second-Hand Dwelling house /Apartment",""
"05/06/2015","2 CHANCERY HALL, CHURCH ST, DUBLIN 7","Dublin 7","Dublin","€145,000.00","No","No","Second-Hand Dwelling house /Apartment",""
"05/06/2015","2 CHARLEMONT TERRACE, CROFTON ROAD, DUNLAOGHAIRE","Dublin 15","Dublin","€900,000.00","No","No","Second-Hand Dwelling house /Apartment",""
"05/06/2015","2 Deerpark House, Tyrone Court, Thomas Davis Street West","Dublin 8","Dublin","€192,761.00","No","No","Second-Hand Dwelling house /Apartment",""
"05/06/2015","2 Lyre House, Tyrone Court, Thomas Davis Street West","Dublin 8","Dublin","€157,709.00","No","No","Second-Hand Dwelling house /Apartment",""
"05/06/2015","2 Sion House, Tyrone Court, Thomas Davis Street West","Dublin 8","Dublin","€213,890.00","No","No","Second-Hand Dwelling house /Apartment",""
"05/06/2015","2 Tyrone Avenue, Tyrone Court, Thomas Davis Street West","Dublin 8","Dublin","€170,925.00","No","No","Second-Hand Dwelling house /Apartment",""
"05/06/2015","2 Tyrone Court, Thomas Davis Street West, Inchicore","Dublin 8","Dublin","€170,925.00","No","No","Second-Hand Dwelling house /Apartment",""
"05/06/2015","2 ZUMA TERRACE, MOUNT DRUMMOND AVE, DUBLIN 6","Dublin 6","Dublin","€435,000.00","No","No","Second-Hand Dwelling house /Apartment",""
"05/06/2015","20 Deerpark House, Tyrone Court, Thomas Davis Street West","Dublin 8","Dublin","€192,761.00","No","No","Second-Hand Dwelling house /Apartment",""
"05/06/2015","20 DORSET SQ, GARDINER ST, DUBLIN 1","Dublin 1","Dublin","€145,000.00","No","No","Second-Hand Dwelling house /Apartment",""
"05/06/2015","20 Sion House, Tyrone Court, Thomas Davis Street West","Dublin 8","Dublin","€213,890.00","No","No","Second-Hand Dwelling house /Apartment",""
"05/06/2015","21 BEECHFIELD CLOSE, WALKINSTOWN, DUBLIN 12","Dublin 12","Dublin","€310,000.00","No","No","Second-Hand Dwelling house /Apartment",""
"05/06/2015","21 COIS INBHIR, BEAVERSTOWN ROAD, DONABATE","","Dublin","€405,000.00","No","No","Second-Hand Dwelling house /Apartment",""
"05/06/2015","21 Deerpark House, Tyrone Court, Thomas Davis Street West","Dublin 8","Dublin","€192,761.00","No","No","Second-Hand Dwelling house /Apartment",""
"05/06/2015","21 GRIFFEEN GLEN, CLOSE, LUCAN","","Dublin","€283,000.00","No","No","Second-Hand Dwelling house /Apartment",""
"05/06/2015","21 Sion House, Tyrone Court, Thomas Davis Street West","Dublin 8","Dublin","€213,890.00","No","No","Second-Hand Dwelling house /Apartment",""
"05/06/2015","22 CALEDON RD, EASTWALL, DUBLIN","Dublin 3","Dublin","€187,000.00","No","No","Second-Hand Dwelling house /Apartment",""
"05/06/2015","22 Deerpark House, Tyrone Court, Thomas Davis Street West","Dublin 8","Dublin","€192,761.00","No","No","Second-Hand Dwelling house /Apartment",""
"05/06/2015","22 Sion House, Tyrone Court, Thomas Davis Street West","Dublin 8","Dublin","€213,890.00","No","No","Second-Hand Dwelling house /Apartment",""
"05/06/2015","23 Deerpark House, Tyrone Court, Thomas Davis Street West","Dublin 8","Dublin","€192,761.00","No","No","Second-Hand Dwelling house /Apartment",""
"05/06/2015","23 FAWN LODGE, CASTLEKNOCK RD, CASTLEKNOCK DUBLIN 15","Dublin 15","Dublin","€380,000.00","No","No","Second-Hand Dwelling house /Apartment",""
"05/06/2015","23 Sion House, Tyrone Court, Thomas Davis Street West","Dublin 8","Dublin","€213,890.00","No","No","Second-Hand Dwelling house /Apartment",""
"05/06/2015","24 Deerpark House, Tyrone Court, Thomas Davis Street West","Dublin 8","Dublin","€192,761.00","No","No","Second-Hand Dwelling house /Apartment",""
"05/06/2015","24 MORNINGTON ROAD, RANELAGH, DUBLIN 6","Dublin 6","Dublin","€350,000.00","No","No","Second-Hand Dwelling house /Apartment",""
"05/06/2015","24 Sion House, Tyrone Court, Thomas Davis Street West","Dublin 8","Dublin","€213,890.00","No","No","Second-Hand Dwelling house /Apartment",""
"05/06/2015","25 Deerpark House, Tyrone Court, Thomas Davis Street West","Dublin 8","Dublin","€192,761.00","No","No","Second-Hand Dwelling house /Apartment",""
"05/06/2015","25 Sion House, Tyrone Court, Thomas Davis Street West","Dublin 8","Dublin","€213,890.00","No","No","Second-Hand Dwelling house /Apartment",""
"05/06/2015","26 BENEAVIN DR, GLASNEVIN, DUBLIN 11","Dublin 11","Dublin","€345,000.00","No","No","Second-Hand Dwelling house /Apartment",""
"05/06/2015","26 Deerpark House, Tyrone Court, Thomas Davis Street West","Dublin 8","Dublin","€192,761.00","No","No","Second-Hand Dwelling house /Apartment",""
"05/06/2015","26 Sion House, Tyrone Court, Thomas Davis Street West","Dublin 8","Dublin","€213,890.00","No","No","Second-Hand Dwelling house /Apartment",""
"05/06/2015","27 Deerpark House, Tyrone Court, Thomas Davis Street West","Dublin 8","Dublin","€192,761.00","No","No","Second-Hand Dwelling house /Apartment",""
"05/06/2015","27 Sion House, Tyrone Court, Thomas Davis Street West","Dublin 8","Dublin","€213,890.00","No","No","Second-Hand Dwelling house /Apartment",""
"05/06/2015","272 BACHELORS WALK, DUBLIN 1, DUBLIN","Dublin 1","Dublin","€162,500.00","No","No","Second-Hand Dwelling house /Apartment",""
"05/06/2015","28 Deerpark House, Tyrone Court, Thomas Davis Street West","Dublin 8","Dublin","€192,761.00","No","No","Second-Hand Dwelling house /Apartment",""
"05/06/2015","28 Sion House, Tyrone Court, Thomas Davis Street West","Dublin 8","Dublin","€213,890.00","No","No","Second-Hand Dwelling house /Apartment",""
"05/06/2015","29 Sion House, Tyrone Court, Thomas Davis Street West","Dublin 8","Dublin","€213,890.00","No","No","Second-Hand Dwelling house /Apartment",""
"05/06/2015","3 Deerpark House, Tyrone Court, Thomas Davis Street West","Dublin 8","Dublin","€192,761.00","No","No","Second-Hand Dwelling house /Apartment",""
"05/06/2015","3 Lyre House, Tyrone Court, Thomas Davis Street West","Dublin 8","Dublin","€157,709.00","No","No","Second-Hand Dwelling house /Apartment",""
"05/06/2015","3 Sion House, Tyrone Court, Thomas Davis Street West","Dublin 8","Dublin","€213,890.00","No","No","Second-Hand Dwelling house /Apartment",""
"05/06/2015","3 Tyrone Avenue, Tyrone Court, Thonas Davis Street West","Dublin 8","Dublin","€170,925.00","No","No","Second-Hand Dwelling house /Apartment",""
"05/06/2015","3 Tyrone Court, Thomas Davis Street West, Inchicore","Dublin 8","Dublin","€170,925.00","No","No","Second-Hand Dwelling house /Apartment",""
"05/06/2015","30 Sion House, Tyrone Court, Thomas Davis Street West","Dublin 8","Dublin","€213,890.00","No","No","Second-Hand Dwelling house /Apartment",""
"05/06/2015","30 WESTBOURNE LODGE, FIRHOUSE RD, TEMPLEOGUE DUBLIN 16","Dublin 16","Dublin","€444,000.00","No","No","Second-Hand Dwelling house /Apartment",""
"05/06/2015","31 Sion House, Tyrone Court, Thomas Davis Street West","Dublin 8","Dublin","€213,890.00","No","No","Second-Hand Dwelling house /Apartment",""
"05/06/2015","318 CASHEL RD, CRUMLIN, DUBLIN 12","Dublin 12","Dublin","€212,000.00","No","No","Second-Hand Dwelling house /Apartment",""
"05/06/2015","32 DEERPARK DR, KILTIPPER, TALLAGHT DUBLIN 24","Dublin 24","Dublin","€145,000.00","No","No","Second-Hand Dwelling house /Apartment",""
"05/06/2015","32 Sion House, Tyrone Court, Thomas Davis Street West","Dublin 8","Dublin","€213,890.00","No","No","Second-Hand Dwelling house /Apartment",""
"05/06/2015","32 WINDMILL COURT, PORTERSTOWN, DUBLIN 15","Dublin 15","Dublin","€237,000.00","No","No","Second-Hand Dwelling house /Apartment",""
"05/06/2015","33 Sion House, Tyrone Court, Thomas Davis Street West","Dublin 8","Dublin","€213,890.00","No","No","Second-Hand Dwelling house /Apartment",""
"05/06/2015","34 Sion House, Tyrone Court, Thomas Davis Street West","Dublin 8","Dublin","€213,890.00","No","No","Second-Hand Dwelling house /Apartment",""
"05/06/2015","34 WATERVILLE HALL, BLANCHARDSTOWN, DUBLIN 15","","Dublin","€180,100.00","No","No","Second-Hand Dwelling house /Apartment",""
"05/06/2015","35 ALLENDALE DR, CLONSILLA, DUBLIN 15","Dublin 15","Dublin","€265,000.00","No","No","Second-Hand Dwelling house /Apartment",""
"05/06/2015","35 Sion House, Tyrone Court, Thomas Davis Street West","Dublin 8","Dublin","€213,890.00","No","No","Second-Hand Dwelling house /Apartment",""
"05/06/2015","36 Sion House, Tyrone Court, Thomas Davis Street West","Dublin 8","Dublin","€213,890.00","No","No","Second-Hand Dwelling house /Apartment",""
"05/06/2015","37 Sion House, Tyrone Court, Thomas Davis Street West","Dublin 8","Dublin","€213,890.00","No","No","Second-Hand Dwelling house /Apartment",""
"05/06/2015","38 Sion House, Tyrone Court, Thomas Davis Street West","Dublin 8","Dublin","€213,890.00","No","No","Second-Hand Dwelling house /Apartment",""
"05/06/2015","39 Sion House, Tyrone Court, Thomas Davis Street West","Dublin 8","Dublin","€213,890.00","No","No","Second-Hand Dwelling house /Apartment",""
"05/06/2015","4 Deerpark House, Tyrione Court, Thomas Davis Street West","Dublin 8","Dublin","€192,761.00","No","No","Second-Hand Dwelling house /Apartment",""
"05/06/2015","4 Lyre House, Tyrone Court, Thomas Davis Street West","Dublin 8","Dublin","€157,709.00","No","No","Second-Hand Dwelling house /Apartment",""
"05/06/2015","4 Merrion Square, Dublin 2","Dublin 2","Dublin","€400,000.00","No","No","Second-Hand Dwelling house /Apartment",""
"05/06/2015","4 MONASTERY GATE LAWNS, CLONDALKIN, DUBLIN 22","Dublin 22","Dublin","€220,000.00","No","No","Second-Hand Dwelling house /Apartment",""
"05/06/2015","4 Sion House, Tyrone Court, Thomas Davis Street West","Dublin 8","Dublin","€213,890.00","No","No","Second-Hand Dwelling house /Apartment",""
"05/06/2015","4 ST KEVINS, BLOOMFIELD AVE, SOUTH CIRCULAR RD DUBLIN 8","Dublin 8","Dublin","€197,000.00","No","No","Second-Hand Dwelling house /Apartment",""
"05/06/2015","4 Tyrone Avenue, Tyrone Court, Thomas Davis Street West","Dublin 8","Dublin","€170,925.00","No","No","Second-Hand Dwelling house /Apartment",""
"05/06/2015","4 Tyrone Court, Thomas Davis Street West, Inchicore","Dublin 8","Dublin","€170,925.00","No","No","Second-Hand Dwelling house /Apartment",""
"05/06/2015","4 Villa Park Gardens, Navan Road","Dublin 7","Dublin","€437,000.00","No","No","Second-Hand Dwelling house /Apartment",""
"05/06/2015","40 Sion House, Tyrone Court, Thomas Davis Street West","Dublin 8","Dublin","€213,890.00","No","No","Second-Hand Dwelling house /Apartment",""
"05/06/2015","41 Sion House, Tyrone Court, Thomas Davis Street West","Dublin 8","Dublin","€213,890.00","No","No","Second-Hand Dwelling house /Apartment",""
"05/06/2015","42 Belmont Lawn, Stillorgan","","Dublin","€597,500.00","No","No","Second-Hand Dwelling house /Apartment",""
"05/06/2015","42 Sion House, Tyrone Court, Thomas Davis Street West","Dublin 8","Dublin","€213,890.00","No","No","Second-Hand Dwelling house /Apartment",""
"05/06/2015","43 Sion House, Tyrone Court, Thomas Davis Street West","Dublin 8","Dublin","€213,890.00","No","No","Second-Hand Dwelling house /Apartment",""
"05/06/2015","43 SMYTH'S GARDENS, YORK ROAD, DUN LAOGHAIRE","","Dublin","€285,000.00","No","No","Second-Hand Dwelling house /Apartment",""
"05/06/2015","44 CLONARD COURT, BALBRIGGAN, DUBLIN","","Dublin","€110,000.00","No","No","Second-Hand Dwelling house /Apartment",""
"05/06/2015","44 EDENMORE GARDENS, RAHENY, DUBLIN 5","Dublin 5","Dublin","€217,000.00","No","No","Second-Hand Dwelling house /Apartment",""
"05/06/2015","44 Sion House, Tyrone Court, Thomas Davis Street West","Dublin 8","Dublin","€213,890.00","No","No","Second-Hand Dwelling house /Apartment",""
"05/06/2015","45 CARNEW ST, STONEYBATTER, DUBLIN","Dublin 7","Dublin","€297,000.00","No","No","Second-Hand Dwelling house /Apartment",""
"05/06/2015","45 Sion House, Tyrone Court, Thomas Davis Street West","Dublin 8","Dublin","€213,890.00","No","No","Second-Hand Dwelling house /Apartment",""
"05/06/2015","46 Sion House, Tyrone Court, Thomas Davis Street West","Dublin 8","Dublin","€213,890.00","No","No","Second-Hand Dwelling house /Apartment",""
"05/06/2015","47 Sion House, Tyrone Court, Thomas Davis Street West","Dublin 8","Dublin","€213,890.00","No","No","Second-Hand Dwelling house /Apartment",""
"05/06/2015","47 THOMOND RD, BALLYFERMOT, DUBLIN 10","Dublin 10","Dublin","€158,000.00","No","No","Second-Hand Dwelling house /Apartment",""
"05/06/2015","48 CASTLEWAY, GOLDEN LANE, DUBLIN 8","","Dublin","€420,000.00","No","No","Second-Hand Dwelling house /Apartment",""
"05/06/2015","48 MUCHROSS AVE, PERRYSTOWN, DUBLIN 12","Dublin 12","Dublin","€360,000.00","No","No","Second-Hand Dwelling house /Apartment",""
"05/06/2015","48 Sion House, Tyrone Court, Thomas Davis Street West","Dublin 8","Dublin","€213,890.00","No","No","Second-Hand Dwelling house /Apartment",""
"05/06/2015","5 Boulders, Rochestown Avenue, Dun Laoghaire","","Dublin","€850,000.00","No","Yes","New Dwelling house /Apartment","greater than 125 sq metres"
"05/06/2015","5 Deerpark House, Tyrone Court, Thomas Davis Street West","Dublin 8","Dublin","€192,761.00","No","No","Second-Hand Dwelling house /Apartment",""
"05/06/2015","5 DERRYNANE TERRACE, CONVENT RD, DALKEY","","Dublin","€803,500.00","No","No","Second-Hand Dwelling house /Apartment",""
"05/06/2015","5 Lyre House, Tyrone Court, Thomas Davis Street West","Dublin 8","Dublin","€157,709.00","No","No","Second-Hand Dwelling house /Apartment",""
"05/06/2015","5 Sion House, Tyrone Court, Thomas Davis Street West","Dublin 8","Dublin","€213,890.00","No","No","Second-Hand Dwelling house /Apartment",""
"05/06/2015","55 ROCHDALE, HONEY PARK, KILL AVENUE","","Dublin","€148,750.00","Yes","No","Second-Hand Dwelling house /Apartment",""
"05/06/2015","58 HAMPTON WOODS, BALBRIGGAN, DUBLIN","","Dublin","€130,000.00","No","No","Second-Hand Dwelling house /Apartment",""
"05/06/2015","6 BANK HOUSE, AUGUSTINE ST, CORNMARKET DUBLIN 8","Dublin 8","Dublin","€175,000.00","No","No","Second-Hand Dwelling house /Apartment",""
"05/06/2015","6 Deerpark House, Tyrone Court, Thomas Davis Street West","Dublin 8","Dublin","€192,761.00","No","No","Second-Hand Dwelling house /Apartment",""
"05/06/2015","6 Lyre House, Tyrone Court, Thomas Davis Street West","Dublin 8","Dublin","€157,709.00","No","No","Second-Hand Dwelling house /Apartment",""
"05/06/2015","6 Sion House, Tyrone Court, Thomas Davis Street West","Dublin 8","Dublin","€213,890.00","No","No","Second-Hand Dwelling house /Apartment",""
"05/06/2015","61 MONASTERY GATE AVE, CLONDALKIN, DUBLIN 22","Dublin 22","Dublin","€199,950.00","No","No","Second-Hand Dwelling house /Apartment",""
"05/06/2015","62 GLASNEVIN WOODS, DUBLIN 11, DUBLIN","Dublin 11","Dublin","€227,000.00","No","No","Second-Hand Dwelling house /Apartment",""
"05/06/2015","64 Rathvale Drive, Ayrfield, Coolock","Dublin 13","Dublin","€167,500.00","No","No","Second-Hand Dwelling house /Apartment",""
"05/06/2015","66 Bradon Square, Waterville, Blanchardstown","","Dublin","€307,075.00","No","Yes","New Dwelling house /Apartment","greater than or equal to 38 sq metres and less than 125 sq metres"
"05/06/2015","67 THE ELMS, RIDGEWOOD, SWORDS","","Dublin","€254,625.00","No","Yes","New Dwelling house /Apartment","greater than or equal to 38 sq metres and less than 125 sq metres"
"05/06/2015","68 IONA RD, DRUMCONDRA, DUBLIN 9","Dublin 9","Dublin","€1,270,000.00","No","No","Second-Hand Dwelling house /Apartment",""
"05/06/2015","69 BOROIMHE MAPLES, SWORDS, DUBLIN","","Dublin","€272,500.00","No","No","Second-Hand Dwelling house /Apartment",""
"05/06/2015","7 BELLEVILLE, PHOENIX PARK, CASTLEKNOCK DUBLIN 15","Dublin 7","Dublin","€380,000.00","No","No","Second-Hand Dwelling house /Apartment",""
"05/06/2015","7 Deerpark House, Tyrone Court, Thomas Davis Street West","Dublin 8","Dublin","€192,761.00","No","No","Second-Hand Dwelling house /Apartment",""
"05/06/2015","7 Lyre House, Tyrone Court, Thomas Davis Street West","Dublin 8","Dublin","€157,709.00","No","No","Second-Hand Dwelling house /Apartment",""
"05/06/2015","7 MARINE VIEW, PHOENIX TERRACE, BLACKROCK","","Dublin","€310,000.00","No","No","Second-Hand Dwelling house /Apartment",""
"05/06/2015","7 Sion House, Tyrone Court, Thomas Davis Street West","Dublin 8","Dublin","€213,890.00","No","No","Second-Hand Dwelling house /Apartment",""
"05/06/2015","70 BRABAZON HALL, ARDEE ST, DUBLIN 8","Dublin 8","Dublin","€295,000.00","No","No","Second-Hand Dwelling house /Apartment",""
"05/06/2015","76 WHITECLIFF, RATHFARNHAM, DUBLIN 16","Dublin 16","Dublin","€536,000.00","No","No","Second-Hand Dwelling house /Apartment",""
"05/06/2015","8 Deerpark House, Tyrone Court, Thomas Davis Street West","Dublin 8","Dublin","€192,761.00","No","No","Second-Hand Dwelling house /Apartment",""
"05/06/2015","8 Lyre House, Tyrone Court, Thomas Davis Street West","Dublin 8","Dublin","€157,709.00","No","No","Second-Hand Dwelling house /Apartment",""
"05/06/2015","8 SAINT JOSEPH'S PLACE, DUBLIN 1","","Dublin","€140,000.00","No","No","Second-Hand Dwelling house /Apartment",""
"05/06/2015","8 Sion House, Tyrone Court, Thomas Davis Street West","Dublin 8","Dublin","€213,890.00","No","No","Second-Hand Dwelling house /Apartment",""
"05/06/2015","85 Cedar Brook Avenue, Cherry Orchard, Dublin 10","Dublin 10","Dublin","€95,000.00","No","No","Second-Hand Dwelling house /Apartment",""
"05/06/2015","9 BRITAIN PLACE, 31-32 CUMBERLAND ROW, CUMBERLAND STREET","","Dublin","€220,000.00","No","No","Second-Hand Dwelling house /Apartment",""
"05/06/2015","9 Deerpark House, Tyrone Court, Thomas Davis Street West","Dublin 8","Dublin","€192,761.00","No","No","Second-Hand Dwelling house /Apartment",""
"05/06/2015","9 SHREWSBURY LODGE, JOHNSTOWN RD, CABINTEELY DUBLIN 18","","Dublin","€290,000.00","No","No","Second-Hand Dwelling house /Apartment",""
"05/06/2015","9 Sion House, Tyrone Court, Thomas Davis Street West","Dublin 8","Dublin","€213,890.00","No","No","Second-Hand Dwelling house /Apartment",""
"05/06/2015","91 ARTHUR GRIFFITH PK, LUCAN, CO DUBLIN","","Dublin","€190,000.00","No","No","Second-Hand Dwelling house /Apartment",""
"05/06/2015","91 Blackhall Square, Smithfield, Dublin 7","Dublin 7","Dublin","€167,000.00","No","No","Second-Hand Dwelling house /Apartment",""
"05/06/2015","99 ST PETERS RD, DUBLIN 12, DUBLIN","Dublin 12","Dublin","€295,000.00","No","No","Second-Hand Dwelling house /Apartment",""
"05/06/2015","Apartment 10, Mayeston Crescent, Finglas","Dublin 11","Dublin","€165,000.00","No","No","Second-Hand Dwelling house /Apartment",""
"05/06/2015","APT 3 BALLYGIHEN HOUSE, SANDYCOVE RD, SANDYCOVE","","Dublin","€260,000.00","No","No","Second-Hand Dwelling house /Apartment",""
"05/06/2015","LARAGH, BEECH PARK RD, FOXROCK DUBLIN 18","Dublin 18","Dublin","€600,000.00","No","No","Second-Hand Dwelling house /Apartment",""
"05/06/2015","NIRVANA, BALLINCLEA RD, KILLINEY","","Dublin","€850,000.00","No","No","Second-Hand Dwelling house /Apartment",""
"06/06/2015","34 Ashton Avenue, Ashton Broc, Swords","","Dublin","€245,000.00","No","No","Second-Hand Dwelling house /Apartment",""
"08/06/2015","1 Clare Villas, Harolds Cross Bridge","Dublin 12","Dublin","€375,000.00","No","No","Second-Hand Dwelling house /Apartment",""
"08/06/2015","10 CLUNY GROVE, KILLINEY, DUBLIN","","Dublin","€186,000.00","No","No","Second-Hand Dwelling house /Apartment",""
"08/06/2015","10 Garrai Linn, Darcystown, Balrothery","","Dublin","€356,829.00","No","Yes","New Dwelling house /Apartment","greater than 125 sq metres"
"08/06/2015","10 Harolds Bridge Court, HArolds Cross","Dublin 6","Dublin","€285,000.00","No","No","Second-Hand Dwelling house /Apartment",""
"08/06/2015","10 SMITHFIELD VILLAGE, DUBLIN 7, DUBLIN","Dublin 7","Dublin","€150,000.00","No","No","Second-Hand Dwelling house /Apartment",""
"08/06/2015","102 Upper Leeson Street, Dublin 2","Dublin 4","Dublin","€950,000.00","No","No","Second-Hand Dwelling house /Apartment",""
"08/06/2015","105 FOREST HILLS, RATHCOOLE, DUBLIN","Dublin 24","Dublin","€230,000.00","No","No","Second-Hand Dwelling house /Apartment",""
"08/06/2015","107Glasmore Park, Swords","","Dublin","€119,250.00","No","No","Second-Hand Dwelling house /Apartment",""
"08/06/2015","11 Harolds Bridge Court, Harolds Cross","","Dublin","€285,000.00","No","No","Second-Hand Dwelling house /Apartment",""
"08/06/2015","11 Virginia Drive, Finglas","Dublin 11","Dublin","€72,000.00","No","No","Second-Hand Dwelling house /Apartment",""
"08/06/2015","114 ESKER PARK, LUCAN, DUBLIN","","Dublin","€274,000.00","No","No","Second-Hand Dwelling house /Apartment",""
"08/06/2015","12 Harolds Bridge Court, Harold Cross","Dublin 6","Dublin","€285,000.00","No","No","Second-Hand Dwelling house /Apartment",""
"08/06/2015","13 Harolds Bridge Court, Harolds Cross","","Dublin","€285,000.00","No","No","Second-Hand Dwelling house /Apartment",""
"08/06/2015","14 Harolds Bridge Court, Harolds Cross","","Dublin","€285,000.00","No","No","Second-Hand Dwelling house /Apartment",""
"08/06/2015","15 Harolds Bridge Court, Harolds Cross","Dublin 6","Dublin","€285,000.00","No","No","Second-Hand Dwelling house /Apartment",""
"08/06/2015","16 GREENMOUNT LANE, HAROLDS CROSS, DUBLIN CITY","Dublin 12","Dublin","€254,000.00","No","No","Second-Hand Dwelling house /Apartment",""
"08/06/2015","16 Harolds Bridge Court, Harolds Cross","Dublin 6","Dublin","€285,000.00","No","No","Second-Hand Dwelling house /Apartment",""
"08/06/2015","16 MOUNTTOWN VILLAS, LOWER MOUNTTOWN RD, MONKSTOWN","","Dublin","€344,000.00","No","No","Second-Hand Dwelling house /Apartment",""
"08/06/2015","17 Harolds Bridge Court, Harolds Cross","","Dublin","€285,000.00","No","No","Second-Hand Dwelling house /Apartment",""
"08/06/2015","17 PROSPECT AVE, GLASNEVIN, DUBLIN 9","Dublin 9","Dublin","€275,000.00","No","No","Second-Hand Dwelling house /Apartment",""
"08/06/2015","18 GREENMOUNT LANE, HAROLDS CROSS, DUBLIN","Dublin 12","Dublin","€254,000.00","No","No","Second-Hand Dwelling house /Apartment",""
"08/06/2015","18 Harolds Bridge Court, Harolds Cross","Dublin 6","Dublin","€285,000.00","No","No","Second-Hand Dwelling house /Apartment",""
"08/06/2015","19 Harolds Bridge Court, Harolds Cross","","Dublin","€285,000.00","No","No","Second-Hand Dwelling house /Apartment",""
"08/06/2015","19 THE OLD GOLF LINKS, MALAHIDE, DUBLIN","","Dublin","€920,000.00","No","No","Second-Hand Dwelling house /Apartment",""
"08/06/2015","2 Clare Villas, Harolds Cross Bridge","Dublin 12","Dublin","€375,000.00","No","No","Second-Hand Dwelling house /Apartment",""
"08/06/2015","2 Harolds Bridge Court, HArolds Cross","Dublin 6","Dublin","€285,000.00","No","No","Second-Hand Dwelling house /Apartment",""
"08/06/2015","20 Harolds Bridge Court, Harolds Cross","Dublin 6","Dublin","€285,000.00","No","No","Second-Hand Dwelling house /Apartment",""
"08/06/2015","21 Harolds Bridge Court, Harolds Cross","Dublin 6","Dublin","€285,000.00","No","No","Second-Hand Dwelling house /Apartment",""
"08/06/2015","22 Harolds Bridge Court, Harolds Cross","","Dublin","€285,000.00","No","No","Second-Hand Dwelling house /Apartment",""
"08/06/2015","23 Harolds Bridge Court, Harolds Cross","","Dublin","€285,000.00","No","No","Second-Hand Dwelling house /Apartment",""
"08/06/2015","23 THE ONYX, THE GRANGE, STILLORGAN","","Dublin","€281,000.00","No","No","Second-Hand Dwelling house /Apartment",""
"08/06/2015","235 North Circular Road, Dublin","Dublin 7","Dublin","€414,600.00","No","No","Second-Hand Dwelling house /Apartment",""
"08/06/2015","24 Harolds Bridge Court, Harolds Cross","","Dublin","€285,000.00","No","No","Second-Hand Dwelling house /Apartment",""
"08/06/2015","25 Harolds Bridge Court, Harolds Cross","Dublin 6","Dublin","€285,000.00","No","No","Second-Hand Dwelling house /Apartment",""
"08/06/2015","26 Bridge Court, Harolds Cross","Dublin 6","Dublin","€285,000.00","No","No","Second-Hand Dwelling house /Apartment",""
"08/06/2015","27 Bridge Court, Harolds Cross","Dublin 6","Dublin","€285,000.00","No","No","Second-Hand Dwelling house /Apartment",""
"08/06/2015","27 MILLBROOK VILLAGE, MILLTOWN, DUBLIN 6","","Dublin","€418,000.00","No","No","Second-Hand Dwelling house /Apartment",""
"08/06/2015","28Harolds Bridge Court, Harolds Cross","Dublin 6","Dublin","€285,000.00","No","No","Second-Hand Dwelling house /Apartment",""
"08/06/2015","29 FERNDALE COURT, ALLIED RIVER ROAD, RATHMICHAEL","","Dublin","€385,000.00","No","No","Second-Hand Dwelling house /Apartment",""
"08/06/2015","29 Harolds Bridge Court, Harolds Cross","Dublin 6","Dublin","€285,000.00","No","No","Second-Hand Dwelling house /Apartment",""
"08/06/2015","29 ROCKABILL APTS, SKERRIES, DUBLIN","","Dublin","€158,000.00","No","No","Second-Hand Dwelling house /Apartment",""
"08/06/2015","3 EARL STREET SOUTH, DUBLIN 8","","Dublin","€193,750.00","No","No","Second-Hand Dwelling house /Apartment",""
"08/06/2015","3 Harolds Bridge Court, Harolds Cross","Dublin 6","Dublin","€285,000.00","No","No","Second-Hand Dwelling house /Apartment",""
"08/06/2015","3 TEMPLE GARDENS, NORTHWOOD, SANTRY DUBLIN 9","Dublin 9","Dublin","€205,000.00","No","No","Second-Hand Dwelling house /Apartment",""
"08/06/2015","30 Harolds Bridge Court, Harolds Cross","Dublin 6","Dublin","€285,000.00","No","No","Second-Hand Dwelling house /Apartment",""
"08/06/2015","31 Harolds Bridge Court, Harolds Cross","Dublin 6","Dublin","€285,000.00","No","No","Second-Hand Dwelling house /Apartment",""
"08/06/2015","32 Harolds Bridge Court, Harolds Cross","","Dublin","€285,000.00","No","No","Second-Hand Dwelling house /Apartment",""
"08/06/2015","33 Harolds Bridge Court, Harolds Cross","Dublin 6","Dublin","€285,000.00","No","No","Second-Hand Dwelling house /Apartment",""
"08/06/2015","331 CASEMENT RD, FINGLAS, DUBLIN 11","Dublin 11","Dublin","€190,000.00","No","No","Second-Hand Dwelling house /Apartment",""
"08/06/2015","34 Harolds Bridge Court, Harold Cross","","Dublin","€285,000.00","No","No","Second-Hand Dwelling house /Apartment",""
"08/06/2015","35 Harolds Bridge Court, Harolds Cross","","Dublin","€285,000.00","No","No","Second-Hand Dwelling house /Apartment",""
"08/06/2015","356 MALAHIDE MARINA VILLAGE, MALAHIDE, DUBLIN","","Dublin","€466,000.00","No","No","Second-Hand Dwelling house /Apartment",""
"08/06/2015","36 Harolds Bridge Court, Harolds Cross","Dublin 6","Dublin","€285,000.00","No","No","Second-Hand Dwelling house /Apartment",""
"08/06/2015","37 Harolds Bridge Court, Harolds Cross","Dublin 6","Dublin","€285,000.00","No","No","Second-Hand Dwelling house /Apartment",""
"08/06/2015","38 Harolds Bridge Court, Harolds Cross","Dublin 6","Dublin","€285,000.00","No","No","Second-Hand Dwelling house /Apartment",""
"08/06/2015","39 Harolds Bridge Court, Harolds Cross","Dublin 6","Dublin","€285,000.00","No","No","Second-Hand Dwelling house /Apartment",""
"08/06/2015","39 HIGHFIELD COURT, HIGHFIELD RD, RATHGAR DUBLIN 6","Dublin 6","Dublin","€210,000.00","No","No","Second-Hand Dwelling house /Apartment",""
"08/06/2015","4 CLONTURK PARK, DRUMCONDRA, DUBLIN 9","Dublin 9","Dublin","€200,000.00","Yes","No","Second-Hand Dwelling house /Apartment",""
"08/06/2015","4 Harolds Bridge Court, Harolds Cross","","Dublin","€285,000.00","No","No","Second-Hand Dwelling house /Apartment",""
"08/06/2015","4 TRIMLESTON GARDENS, BOOTERSTOWN","","Dublin","€782,000.00","No","No","Second-Hand Dwelling house /Apartment",""
"08/06/2015","40 Harolds Bridge Court, Harolds Cross","Dublin 6","Dublin","€285,000.00","No","No","Second-Hand Dwelling house /Apartment",""
"08/06/2015","41 Harolds Bridge Court, Harolds Cross","Dublin 6","Dublin","€285,000.00","No","No","Second-Hand Dwelling house /Apartment",""
"08/06/2015","42 Harolds Bridge Court, Harolds Cross","Dublin 6","Dublin","€285,000.00","No","No","Second-Hand Dwelling house /Apartment",""
"08/06/2015","43 Harolds Bridge Court, Harolds Cross","Dublin 6","Dublin","€285,000.00","No","No","Second-Hand Dwelling house /Apartment",""
"08/06/2015","44 Harolds Bridge Court, Harolds Cross","Dublin 6","Dublin","€285,000.00","No","No","Second-Hand Dwelling house /Apartment",""
"08/06/2015","45 Harolds Bridge Court, Harolds Cross","Dublin 6","Dublin","€285,000.00","No","No","Second-Hand Dwelling house /Apartment",""
"08/06/2015","46 Harolds Bridge Court, Harolds Cross","","Dublin","€285,000.00","No","No","Second-Hand Dwelling house /Apartment",""
"08/06/2015","47 Harolds Bridge Court, Harolds Cross","Dublin 6","Dublin","€285,000.00","No","No","Second-Hand Dwelling house /Apartment",""
"08/06/2015","48 Harolds Bridge Court, Harolds Cross","Dublin 6","Dublin","€285,000.00","No","No","Second-Hand Dwelling house /Apartment",""
"08/06/2015","5 Harolds Bridge Court, Harolds Cross","Dublin 6","Dublin","€285,000.00","No","No","Second-Hand Dwelling house /Apartment",""
"08/06/2015","5 LANESBOROUGH GARDENS, ST MARGARETS RD FINGLAS, DUBLIN 11","Dublin 11","Dublin","€235,000.00","No","No","Second-Hand Dwelling house /Apartment",""
"08/06/2015","51 KILCARRIG AVE, FETTERCAIRN, TALLAGHT DUBLIN 24","Dublin 24","Dublin","€145,000.00","No","No","Second-Hand Dwelling house /Apartment",""
"08/06/2015","56 CALDERWOOD ROAD, DRUMCONDRA, DUBLIN 9","Dublin 9","Dublin","€580,000.00","No","No","Second-Hand Dwelling house /Apartment",""
"08/06/2015","6 GLEN GARTH, THE PARK, CABINTEELY DUBLIN 18","Dublin 18","Dublin","€630,000.00","No","No","Second-Hand Dwelling house /Apartment",""
"08/06/2015","6 Harold Bridge Court, Harolds Cross","Dublin 6","Dublin","€285,000.00","No","No","Second-Hand Dwelling house /Apartment",""
"08/06/2015","62 SLIEVENAMON RD, DRIMNAGH, DUBLIN 12","Dublin 12","Dublin","€193,000.00","No","No","Second-Hand Dwelling house /Apartment",""
"08/06/2015","65 ABBOTSTOWN RD, FINGLAS WEST, DUBLIN 11","Dublin 11","Dublin","€145,000.00","No","No","Second-Hand Dwelling house /Apartment",""
"08/06/2015","65 ROSEDALE CLOSE, CASTAHEANY, DUBLIN 15","Dublin 15","Dublin","€168,000.00","No","No","Second-Hand Dwelling house /Apartment",""
"08/06/2015","69 ST HELENS RD, BOOTERSTOWN, BLACKROCK","","Dublin","€1,075,000.00","No","No","Second-Hand Dwelling house /Apartment",""
"08/06/2015","69 THE ELMS, RIDGEWOOD, FORREST ROAD  SWORDS","","Dublin","€273,127.00","No","Yes","New Dwelling house /Apartment","greater than or equal to 38 sq metres and less than 125 sq metres"
"08/06/2015","7 Harolds Bridge Court, Harolds Cross","Dublin 6","Dublin","€285,000.00","No","No","Second-Hand Dwelling house /Apartment",""
"08/06/2015","8 BOROIMHE ASH, SWORDS, DUBLIN","","Dublin","€280,000.00","No","No","Second-Hand Dwelling house /Apartment",""
"08/06/2015","8 Harolds Bridge Court, HArold Cross","Dublin 6","Dublin","€285,000.00","No","No","Second-Hand Dwelling house /Apartment",""
"08/06/2015","8 PARK LANE, DUNLAOGHAIRE, DUBLIN","","Dublin","€870,000.00","No","No","Second-Hand Dwelling house /Apartment",""
"08/06/2015","84 INNISFALLEN PARADE, DORSET ST, DUBLIN 3","Dublin 7","Dublin","€255,000.00","No","No","Second-Hand Dwelling house /Apartment",""
"08/06/2015","87 MARLAY VIEW, BALLINTEER AVE, DUBLIN 16","Dublin 16","Dublin","€330,000.00","No","No","Second-Hand Dwelling house /Apartment",""
"08/06/2015","9 FAUGHART RD, CRUMLIN, DUBLIN 12","Dublin 12","Dublin","€190,000.00","No","No","Second-Hand Dwelling house /Apartment",""
"08/06/2015","9 FAWN LODGE, CASTLEKNOCK RD, CASTLEKNOCK DUBLIN 15","Dublin 15","Dublin","€335,000.00","No","No","Second-Hand Dwelling house /Apartment",""
"08/06/2015","9 Harolds Bridge Court, Harold Cross","","Dublin","€285,000.00","No","No","Second-Hand Dwelling house /Apartment",""
"08/06/2015","APT 3, OAKLEY HOUSE, OAKLEY RD","Dublin 6","Dublin","€190,000.00","No","No","Second-Hand Dwelling house /Apartment",""
"08/06/2015","APT 8, BLOCK 4, CLARION QUAY DUBLIN 1","Dublin 1","Dublin","€260,000.00","No","No","Second-Hand Dwelling house /Apartment",""
"08/06/2015","I Harolds Bridge Court, Harolds Cross","","Dublin","€285,000.00","No","No","Second-Hand Dwelling house /Apartment",""
"08/06/2015","No. 1 Cotter Close, Belmont, Aiken's Village  Stepaside","","Dublin","€330,397.00","No","Yes","New Dwelling house /Apartment","greater than or equal to 38 sq metres and less than 125 sq metres"
"08/06/2015","TATCH COTTAGE, DARDISTOWN CLOGHRAN, DUBLIN","Dublin 15","Dublin","€83,000.00","Yes","No","Second-Hand Dwelling house /Apartment",""
"09/06/2015","10 Portland Square, Campbells Row","Dublin 1","Dublin","€275,000.00","No","No","Second-Hand Dwelling house /Apartment",""
"09/06/2015","10 VILLAGE SQ, TALLAGHT, DUBLIN 24","Dublin 24","Dublin","€115,000.00","No","No","Second-Hand Dwelling house /Apartment",""
"09/06/2015","118 ST WERBURGHS, SWORDS, DUBLIN","","Dublin","€500,000.00","No","No","Second-Hand Dwelling house /Apartment",""
"09/06/2015","13 ELLENSBOROUGH WALK, KILTIPPER, DUBLIN 24","Dublin 24","Dublin","€287,500.00","No","No","Second-Hand Dwelling house /Apartment",""
"09/06/2015","13 THE PARK, GRANGE MANOR, LUCAN","","Dublin","€355,000.00","No","No","Second-Hand Dwelling house /Apartment",""
"09/06/2015","14 FRIARY CLOSE, COOK ST, DUBLIN 8","Dublin 8","Dublin","€124,000.00","No","No","Second-Hand Dwelling house /Apartment",""
"09/06/2015","16 MELVILLE COVE, MEAKSTOWN, DUBLIN 11","Dublin 11","Dublin","€120,000.00","No","No","Second-Hand Dwelling house /Apartment",""
"09/06/2015","18 HERBERT PARK MEWS, DONNYBROOK, DUBLIN 4","Dublin 4","Dublin","€360,000.00","No","No","Second-Hand Dwelling house /Apartment",""
"09/06/2015","189 SHANOWEN RD, SANTRY, DUBLIN 9","Dublin 9","Dublin","€311,000.00","No","No","Second-Hand Dwelling house /Apartment",""
"09/06/2015","2 KILTIPPER VIEW, KILTIPPER, DUBLIN 24","Dublin 24","Dublin","€234,000.00","No","No","Second-Hand Dwelling house /Apartment",""
"09/06/2015","20 Stocking Well Close, Stocking Avenue, Rathfarnham","Dublin 16","Dublin","€265,000.00","No","Yes","New Dwelling house /Apartment","greater than or equal to 38 sq metres and less than 125 sq metres"
"09/06/2015","26 FAWN LODGE, CASTLEKNOCK RD, CASTLEKNOCK DUBLIN 15","Dublin 15","Dublin","€460,000.00","No","No","Second-Hand Dwelling house /Apartment",""
"09/06/2015","29 CARYSFORT RD, DALKEY, DUBLIN","","Dublin","€390,000.00","No","No","Second-Hand Dwelling house /Apartment",""
"09/06/2015","31 Millrace Drive, Saggart, Dublin","","Dublin","€235,000.00","No","No","New Dwelling house /Apartment","greater than or equal to 38 sq metres and less than 125 sq metres"
"09/06/2015","33 LANESBOROUGH TERRACE, ST MARGARETS RD, CHARLESTOWN DUBLIN 11","Dublin 11","Dublin","€186,000.00","No","No","Second-Hand Dwelling house /Apartment",""
"09/06/2015","33 Millrace Drive, Saggart, Dublin","","Dublin","€240,000.00","No","No","New Dwelling house /Apartment","greater than or equal to 38 sq metres and less than 125 sq metres"
"09/06/2015","40 HANOVER DOCK, HANOVER QUAY, DUBLIN 2","","Dublin","€567,000.00","No","No","Second-Hand Dwelling house /Apartment",""
"09/06/2015","40 NORTH CIRCULAR ROAD, PHIBSBORO, DUBLIN 7","","Dublin","€517,000.00","No","No","Second-Hand Dwelling house /Apartment",""
"09/06/2015","44 EDENVALE RD, RANELAGH, DUBLIN 6","Dublin 6","Dublin","€960,000.00","No","No","Second-Hand Dwelling house /Apartment",""
"09/06/2015","46 GRIFFEEN GLEN BLVD, LUCAN, DUBLIN","","Dublin","€272,000.00","No","No","Second-Hand Dwelling house /Apartment",""
"09/06/2015","5 EBENEZER TERRACE, DONORE AVE, DUBLIN 8","Dublin 8","Dublin","€293,000.00","No","No","Second-Hand Dwelling house /Apartment",""
"09/06/2015","53 MARLBOROUGH MEWS, NORTH CIRCULAR RD, DUBLIN 7","Dublin 7","Dublin","€245,000.00","No","No","Second-Hand Dwelling house /Apartment",""
"09/06/2015","65 BALRUDDERY WOOD, BALROTHERY, BALBRIGGAN","","Dublin","€85,460.00","Yes","No","Second-Hand Dwelling house /Apartment",""
"09/06/2015","7 SANTRY COURT, SANTRY, DUBLIN 9","Dublin 17","Dublin","€290,000.00","No","No","Second-Hand Dwelling house /Apartment",""
"09/06/2015","86 PARKLANDS, BALLYCULLEN, DUBLIN 24","","Dublin","€203,500.00","No","No","Second-Hand Dwelling house /Apartment",""
"09/06/2015","APARTMENT 13, HOLLYBROOK, CLONTARF","","Dublin","€250,000.00","No","No","Second-Hand Dwelling house /Apartment",""
"09/06/2015","Apr 1 The Ragstore, Millrace, Saggart","","Dublin","€135,000.00","No","No","New Dwelling house /Apartment","greater than or equal to 38 sq metres and less than 125 sq metres"
"09/06/2015","Apt 12 Millrace Drive, Saggart","","Dublin","€205,000.00","No","No","New Dwelling house /Apartment","greater than or equal to 38 sq metres and less than 125 sq metres"
"09/06/2015","Apt 13 Millrace Drive, Saggart","","Dublin","€215,000.00","No","No","New Dwelling house /Apartment","greater than or equal to 38 sq metres and less than 125 sq metres"
"09/06/2015","Apt 2 The Ragstore, Millrace, Saggart","","Dublin","€90,000.00","No","No","New Dwelling house /Apartment","greater than or equal to 38 sq metres and less than 125 sq metres"
"09/06/2015","Apt 27 Millrace Green, Saggart","","Dublin","€205,000.00","No","No","New Dwelling house /Apartment","greater than or equal to 38 sq metres and less than 125 sq metres"
"09/06/2015","Apt 28 Millrace Green, Saggart","","Dublin","€230,000.00","No","No","New Dwelling house /Apartment","greater than or equal to 38 sq metres and less than 125 sq metres"
"09/06/2015","Apt 29 Millrace Green, Saggart","","Dublin","€225,000.00","No","No","New Dwelling house /Apartment","greater than or equal to 38 sq metres and less than 125 sq metres"
"09/06/2015","Apt 30 Millrace Drive, Saggart","","Dublin","€205,000.00","No","No","New Dwelling house /Apartment","greater than or equal to 38 sq metres and less than 125 sq metres"
"09/06/2015","Apt 30 Millrace Green, Saggary","","Dublin","€240,000.00","No","No","New Dwelling house /Apartment","greater than or equal to 38 sq metres and less than 125 sq metres"
"09/06/2015","Apt 32 Millrace Green, Saggart","","Dublin","€225,000.00","No","No","New Dwelling house /Apartment","greater than or equal to 38 sq metres and less than 125 sq metres"
"09/06/2015","Apt 34 Millrace Green, Saggart","","Dublin","€225,000.00","No","No","New Dwelling house /Apartment","greater than or equal to 38 sq metres and less than 125 sq metres"
"09/06/2015","Apt 35 Millrace Green, Saggart","","Dublin","€225,000.00","No","No","New Dwelling house /Apartment","greater than or equal to 38 sq metres and less than 125 sq metres"
"09/06/2015","Apt 36 Millrace Green, Saggart","","Dublin","€240,000.00","No","No","New Dwelling house /Apartment","greater than or equal to 38 sq metres and less than 125 sq metres"
"09/06/2015","Apt 37 Millrace Green, Saggart","","Dublin","€240,000.00","No","No","New Dwelling house /Apartment","greater than or equal to 38 sq metres and less than 125 sq metres"
"09/06/2015","Apt 46 Millrace Drive, Saggart","","Dublin","€205,000.00","No","No","New Dwelling house /Apartment","greater than or equal to 38 sq metres and less than 125 sq metres"
"09/06/2015","Apt 62 Millrace Park, Saggart","","Dublin","€169,000.00","No","No","New Dwelling house /Apartment","greater than or equal to 38 sq metres and less than 125 sq metres"
"09/06/2015","Apt 9 Millrace Drive, Saggart","","Dublin","€205,000.00","No","No","New Dwelling house /Apartment","greater than or equal to 38 sq metres and less than 125 sq metres"
"09/06/2015","CHURCHTOWN HOUSE, WESTON PARK, CHURCHTOWN DUBLIN 14","Dublin 14","Dublin","€2,300,000.00","No","No","Second-Hand Dwelling house /Apartment",""
"09/06/2015","HAWTHORN MANOR, CARYSFORT AVENUE, BLACKROCK","","Dublin","€625,000.00","No","No","Second-Hand Dwelling house /Apartment",""
"09/06/2015","ST ANNES, 83 BROOKWOOD AVE, ARTANE DUBLIN 5","Dublin 5","Dublin","€360,000.00","No","No","Second-Hand Dwelling house /Apartment",""
"09/06/2015","THE BUNGALOW, 13A STRADBROOK HALL, STRADBROOK RD","","Dublin","€402,000.00","No","No","Second-Hand Dwelling house /Apartment",""
"09/06/2015","THE NOOK, LOWER RD, SHANKILL","Dublin 18","Dublin","€280,000.00","No","No","Second-Hand Dwelling house /Apartment",""
"09/06/2015","Unit 4 The Ragstore, Millrace, Saggart","","Dublin","€135,000.00","No","No","New Dwelling house /Apartment","greater than or equal to 38 sq metres and less than 125 sq metres"
"10/06/2015","10 Ardcollulm Avenue, Artane","Dublin 5","Dublin","€254,000.00","No","No","Second-Hand Dwelling house /Apartment",""
"10/06/2015","11 BANK HOUSE, AUGUSTINE ST, CORNMARKET DUBLIN 8","Dublin 8","Dublin","€170,000.00","No","No","Second-Hand Dwelling house /Apartment",""
"10/06/2015","11 GILFORD TCE, DUBLIN 4","","Dublin","€470,000.00","No","No","Second-Hand Dwelling house /Apartment",""
"10/06/2015","12 Redwood Lawns, Kilnamanagh, Dublin 24","Dublin 24","Dublin","€288,000.00","No","No","Second-Hand Dwelling house /Apartment",""
"10/06/2015","12 SPRING MOUNT, WELLMOUNT RD, FINGLAS DUBLIN 11","Dublin 11","Dublin","€62,500.00","No","No","Second-Hand Dwelling house /Apartment",""
"10/06/2015","125 BUCKINGHAM VILLAGE, DUBLIN 1, DUBLIN","Dublin 1","Dublin","€10,000.00","No","No","Second-Hand Dwelling house /Apartment",""
"10/06/2015","141 MULVEY PARK, DUNDRUM, DUBLIN 14","Dublin 14","Dublin","€307,000.00","No","No","Second-Hand Dwelling house /Apartment",""
"10/06/2015","150 KILTIPPER GATE, TALLAGHT, DUBLIN 24","Dublin 24","Dublin","€161,000.00","No","No","Second-Hand Dwelling house /Apartment",""
"10/06/2015","16 SPERRIN RD, DRIMNAGH DUBLIN 12, DUBLIN","Dublin 12","Dublin","€177,000.00","No","No","Second-Hand Dwelling house /Apartment",""
"10/06/2015","19A COLLEGE CRESCENT, TERENURE, DUBLIN 6W","","Dublin","€530,000.00","No","No","Second-Hand Dwelling house /Apartment",""
"10/06/2015","2 THE BOULEVARD, MOUNT GARRETT, TYRELLSTOWN DUBLIN 15","Dublin 15","Dublin","€196,000.00","No","No","Second-Hand Dwelling house /Apartment",""
"10/06/2015","20 LOHUNDA DOWNS, CLONSILLA, DUBLIN 15","Dublin 15","Dublin","€212,000.00","No","No","Second-Hand Dwelling house /Apartment",""
"10/06/2015","23 Charlestown Park, St. Margaret's Road","Dublin 11","Dublin","€220,000.00","No","No","Second-Hand Dwelling house /Apartment",""
"10/06/2015","23 COOLNEVAUN, STILLORGAN, DUBLIN","","Dublin","€575,000.00","No","No","Second-Hand Dwelling house /Apartment",""
"10/06/2015","26 BEECHLAWN CLOSE, COOLOCK, DUBLIN 5","Dublin 5","Dublin","€295,000.00","No","No","Second-Hand Dwelling house /Apartment",""
"10/06/2015","27 BROOKWOOD HEIGHTS, ARTANE, DUBLIN 5","Dublin 5","Dublin","€378,000.00","No","No","Second-Hand Dwelling house /Apartment",""
"10/06/2015","28 LONGFORD TERRACE, MONKSTOWN, DUBLIN","","Dublin","€1,600,000.00","No","No","Second-Hand Dwelling house /Apartment",""
"10/06/2015","3 CHAPEL FARM CRESCENT, LUSK, DUBLIN","","Dublin","€183,000.00","No","No","Second-Hand Dwelling house /Apartment",""
"10/06/2015","32 CONNAUGHT ST, PHIBSBOROUGH, DUBLIN 7","Dublin 7","Dublin","€365,000.00","No","No","Second-Hand Dwelling house /Apartment",""
"10/06/2015","32 The Paddocks Crescent, Adamstown  Lucan, Co. Dublin","","Dublin","€318,000.00","No","Yes","New Dwelling house /Apartment","greater than or equal to 38 sq metres and less than 125 sq metres"
"10/06/2015","32 TRIMELSTON, HAMLET LANE, BALBRIGGAN","","Dublin","€85,000.00","No","No","Second-Hand Dwelling house /Apartment",""
"10/06/2015","36 SOUTHBANK, SWORDS, CO DUBLIN","","Dublin","€227,000.00","No","No","Second-Hand Dwelling house /Apartment",""
"10/06/2015","37 CHARLEVILLE AVE, NORTH STRAND, DUBLIN 3","Dublin 3","Dublin","€250,000.00","No","No","Second-Hand Dwelling house /Apartment",""
"10/06/2015","4 ROCKBRAE HALL, TICKNOCK HILL, SANDYFORD","Dublin 18","Dublin","€290,000.00","No","No","Second-Hand Dwelling house /Apartment",""
"10/06/2015","41 Blythe Avenue, East Wall","Dublin 3","Dublin","€370,500.00","No","No","Second-Hand Dwelling house /Apartment",""
"10/06/2015","44 HAZELGROVE, TALLAGHT, DUBLIN 24","Dublin 24","Dublin","€178,000.00","No","No","Second-Hand Dwelling house /Apartment",""
"10/06/2015","47 WESTFIELD, SION HILL, BLACKROCK","","Dublin","€502,000.00","No","No","Second-Hand Dwelling house /Apartment",""
"10/06/2015","4A AVALON COURT, BURROW RD, SUTTON DUBLIN 13","Dublin 13","Dublin","€270,000.00","No","No","Second-Hand Dwelling house /Apartment",""
"10/06/2015","50 BRACKENWOOD DR, BALBRIGGAN, DUBLIN","","Dublin","€90,000.00","No","No","Second-Hand Dwelling house /Apartment",""
"10/06/2015","50 COOLGARIFF RD, BEAUMONT, DUBLIN 9","Dublin 9","Dublin","€335,000.00","No","No","Second-Hand Dwelling house /Apartment",""
"10/06/2015","55 BELLA STREET, BUCKINGHAM VILLAGE, DUBLIN 1","","Dublin","€10,000.00","No","No","Second-Hand Dwelling house /Apartment",""
"10/06/2015","56 BELLA STREET, BUCKINGHAM VILLAGE, DUBLIN 1","","Dublin","€10,000.00","No","No","Second-Hand Dwelling house /Apartment",""
"10/06/2015","6 NEWTOWN COURT, EATON BRAE, ORWELL RD DUBLIN 14","Dublin 14","Dublin","€300,000.00","No","No","Second-Hand Dwelling house /Apartment",""
"10/06/2015","64 ST PATRICKS RD, GREENHILLS, DUBLIN 12","Dublin 12","Dublin","€319,000.00","No","No","Second-Hand Dwelling house /Apartment",""
"10/06/2015","70 FOXBOROUGH DR, LUCAN, DUBLIN","","Dublin","€239,000.00","No","No","Second-Hand Dwelling house /Apartment",""
"10/06/2015","8 BERWICK HALL, WHITEHALL RD, CHURCHTOWN DUBLIN 14","Dublin 14","Dublin","€415,000.00","No","No","Second-Hand Dwelling house /Apartment",""
"10/06/2015","81 GLENVARA PARK, KNOCKLYON, DUBLIN 16","Dublin 16","Dublin","€475,000.00","No","No","Second-Hand Dwelling house /Apartment",""
"10/06/2015","81 KNOCKMAREE, ST LAURENCES RD, CHAPELIZOD DUBLIN 20","Dublin 20","Dublin","€240,000.00","No","No","Second-Hand Dwelling house /Apartment",""
"10/06/2015","82 The Windmill, Windmill Lane, Dublin 2","Dublin 2","Dublin","€234,000.00","No","No","Second-Hand Dwelling house /Apartment",""
"10/06/2015","87 MONALEA GROVE, FIRHOUSE, DUBLIN 24","Dublin 24","Dublin","€340,000.00","No","No","Second-Hand Dwelling house /Apartment",""
"10/06/2015","89 VERONICA TERRACE, RINGSEND, DUBLIN","Dublin 4","Dublin","€320,000.00","No","No","Second-Hand Dwelling house /Apartment",""
"10/06/2015","APARTMENET 6 GEORGES COURT, 12 DROGHEDA STREET, BALBRIGGAN","","Dublin","€70,000.00","No","No","Second-Hand Dwelling house /Apartment",""
"10/06/2015","APARTMENT 14, BLOCK 3, CLARION QUAY","","Dublin","€677,000.00","No","No","Second-Hand Dwelling house /Apartment",""
"10/06/2015","APARTMENT 3 GEORGES COURT, 12 DROGHEDA STREET, BALBRIGGAN","","Dublin","€70,000.00","No","No","Second-Hand Dwelling house /Apartment",""
"10/06/2015","APARTMENT 36, BUCKINGHAM VILLAGE, DUBLIN 1","","Dublin","€10,000.00","No","No","Second-Hand Dwelling house /Apartment",""
"10/06/2015","APARTMENT 4 GEORGES COURT, 12 DROGHEDA STREET, BALBRIGGAN","","Dublin","€70,000.00","No","No","Second-Hand Dwelling house /Apartment",""
"10/06/2015","APARTMENT 43, BUCKINGHAM VILLAGE, DUBLIN 1","","Dublin","€10,000.00","No","No","Second-Hand Dwelling house /Apartment",""
"10/06/2015","APARTMENT 5 GEORGES COURT, 12 DROGHEDA STREET, BALBRIGGAN","","Dublin","€70,000.00","No","No","Second-Hand Dwelling house /Apartment",""
"10/06/2015","APARTMENT 7 GEORGES COURT, 12 DROGHEDA STREET, BALBRIGGAN","","Dublin","€70,000.00","No","No","Second-Hand Dwelling house /Apartment",""
"10/06/2015","APARTMENT 74, BUCKINGHAM VILLAGE, DUBLIN 1","","Dublin","€10,000.00","No","No","Second-Hand Dwelling house /Apartment",""
"10/06/2015","APARTMENT 8 GEORGES COURT, 12  DROGHEDA ST, BALBRIGGAN","","Dublin","€70,000.00","No","No","Second-Hand Dwelling house /Apartment",""
"10/06/2015","APT 104 THE PARK, CLON BURGH AIKENS VILLAGE, WOODSIDE SANDYFORD DUBLIN","Dublin 15","Dublin","€252,000.00","No","No","Second-Hand Dwelling house /Apartment",""
"10/06/2015","APT 10, SPRINGMOUNT, WELLMONT ROAD","","Dublin","€62,500.00","No","No","Second-Hand Dwelling house /Apartment",""
"10/06/2015","APT 117 BUCKINGHAM VILLAGE, DUBLIN 1, DUBLIN","Dublin 1","Dublin","€10,000.00","No","No","Second-Hand Dwelling house /Apartment",""
"10/06/2015","APT 11, SPRINGMOUNT, FINGLAS DUBLIN 11","Dublin 11","Dublin","€62,500.00","No","No","Second-Hand Dwelling house /Apartment",""
"10/06/2015","APT 137, THE RICHMOND, BRUNSWICK ST NORTH DUBLIN 7","Dublin 7","Dublin","€220,000.00","No","No","Second-Hand Dwelling house /Apartment",""
"10/06/2015","APT 15 BUCKINGHAM VILLAGE, DUBLIN 1, DUBLIN","Dublin 1","Dublin","€10,000.00","No","No","Second-Hand Dwelling house /Apartment",""
"10/06/2015","Apt 17  86 Reuben Street, Herberton, Rialto","Dublin 8","Dublin","€160,000.00","No","Yes","New Dwelling house /Apartment","greater than 125 sq metres"
"10/06/2015","APT 205 THE ASH, CHARLEVILLE SQUARE, RATHFARNHAM","Dublin 14","Dublin","€327,000.00","No","No","Second-Hand Dwelling house /Apartment",""
"10/06/2015","APT 30 BUCKINGHAM VILLAGE, DUBLIN 1, DUBLIN","Dublin 1","Dublin","€10,000.00","No","No","Second-Hand Dwelling house /Apartment",""
"10/06/2015","APT 31 BUCKINGHAM VILLAGE, DUBLIN 1, DUBLIN","Dublin 1","Dublin","€10,000.00","No","No","Second-Hand Dwelling house /Apartment",""
"10/06/2015","APT 32 BUCKINGHAM VILLAGE, DUBLIN 1, DUBLIN","Dublin 1","Dublin","€10,000.00","No","No","Second-Hand Dwelling house /Apartment",""
"10/06/2015","APT 35 BUCKINGHAM VILLAGE, DUBLIN 1, DUBLIN","Dublin 1","Dublin","€10,000.00","No","No","Second-Hand Dwelling house /Apartment",""
"10/06/2015","APT 42, BUCKINGHAM VILLAGE, DUBLIN 1","Dublin 1","Dublin","€10,000.00","No","No","Second-Hand Dwelling house /Apartment",""
"10/06/2015","APT 44 BUCKINGHAM VILLAGE, DUBLIN 1, DUBLIN","Dublin 1","Dublin","€10,000.00","No","No","Second-Hand Dwelling house /Apartment",""
"10/06/2015","APT 45, BUCKINGHAM VILLAGE, DUBLIN 1","Dublin 1","Dublin","€10,000.00","No","No","Second-Hand Dwelling house /Apartment",""
"10/06/2015","APT 46 BUCKINGHAM VILLAGE, DUBLIN 1, DUBLIN","Dublin 1","Dublin","€10,000.00","No","No","Second-Hand Dwelling house /Apartment",""
"10/06/2015","APT 47 BUCKINGHAM VILLAGE, DUBLIN 1, DUBLIN","Dublin 1","Dublin","€10,000.00","No","No","Second-Hand Dwelling house /Apartment",""
"10/06/2015","APT 48 BUCKINGHAM VILLAGE, DUBLIN 1, DUBLIN","Dublin 1","Dublin","€10,000.00","No","No","Second-Hand Dwelling house /Apartment",""
"10/06/2015","APT 49 BUCKINGHAM VILLAGE, DUBLIN 1, DUBLIN","Dublin 1","Dublin","€10,000.00","No","No","Second-Hand Dwelling house /Apartment",""
"10/06/2015","APT 50 BUCKINGHAM VILLAGE, DUBLIN 1, DUBLIN","Dublin 1","Dublin","€10,000.00","No","No","Second-Hand Dwelling house /Apartment",""
"10/06/2015","APT 5, SPRINGMOUNT, FINGLAS DUBLIN 11","Dublin 11","Dublin","€62,500.00","No","No","Second-Hand Dwelling house /Apartment",""
"10/06/2015","APT 6, WELLMOUNT, FINGLAS DUBLIN 11","Dublin 11","Dublin","€62,500.00","No","No","Second-Hand Dwelling house /Apartment",""
"10/06/2015","APT 7 SPRINGMOUNT APTS, WELLMOUNT RD, FINGLAS WEST DUBLIN 11","Dublin 11","Dublin","€62,500.00","No","No","Second-Hand Dwelling house /Apartment",""
"10/06/2015","APT 73 BUCKINGHAM VILLAGE, DUBLIN 1, DUBLIN","Dublin 1","Dublin","€10,000.00","No","No","Second-Hand Dwelling house /Apartment",""
"10/06/2015","APT 75 BUCKINGHAM VILLAGE, DUBLIN 1, DUBLIN","Dublin 1","Dublin","€10,000.00","No","No","Second-Hand Dwelling house /Apartment",""
"10/06/2015","APT 76 BUCKINGHAM VILLAGE, DUBLIN 1, DUBLIN","Dublin 1","Dublin","€10,000.00","No","No","Second-Hand Dwelling house /Apartment",""
"10/06/2015","APT 8 BUCKINGHAM VILLAGE, DUBLIN 1, DUBLIN","Dublin 1","Dublin","€10,000.00","No","No","Second-Hand Dwelling house /Apartment",""
"10/06/2015","APT 8 SPRINGMOUNT, WELLMOUNT, FINGLAS","","Dublin","€62,500.00","No","No","Second-Hand Dwelling house /Apartment",""
"10/06/2015","APT 82 BUCKINGHAM VILLAGE, DUBLIN 1, DUBLIN","Dublin 1","Dublin","€10,000.00","No","No","Second-Hand Dwelling house /Apartment",""
"10/06/2015","APT 9 SPRINGMOUNT, WELLMOUNT ROAD, FINGLAS","","Dublin","€62,500.00","No","No","Second-Hand Dwelling house /Apartment",""
"10/06/2015","SPRICKLESTOWN, THE WARD, DUBLIN","Dublin 1","Dublin","€255,000.00","No","No","Second-Hand Dwelling house /Apartment",""
"11/06/2015","'Ards', Old Bray Road, Cabinteely","Dublin 18","Dublin","€700,000.00","No","No","Second-Hand Dwelling house /Apartment",""
"11/06/2015","'Cartref', Old Bray Road, Cabinteely","Dublin 18","Dublin","€1,100,000.00","No","No","Second-Hand Dwelling house /Apartment",""
"11/06/2015","'Foxley', Old Bray Road, Cabinteely","Dublin 18","Dublin","€700,000.00","No","No","Second-Hand Dwelling house /Apartment",""
"11/06/2015","1 Maxwell Square, Maxwell Road, Rathmines","Dublin 6","Dublin","€475,000.00","No","Yes","New Dwelling house /Apartment","greater than or equal to 38 sq metres and less than 125 sq metres"
"11/06/2015","10 Stocking Well Close, Stocking Avenue, Rathfarnham","Dublin 16","Dublin","€265,000.00","No","Yes","New Dwelling house /Apartment","greater than or equal to 38 sq metres and less than 125 sq metres"
"11/06/2015","119 Brandon Square, Waterville, Blanchardstown","Dublin 15","Dublin","€273,127.75","No","Yes","New Dwelling house /Apartment","greater than or equal to 38 sq metres and less than 125 sq metres"
"11/06/2015","14 Broadfield Green, Broadfield Manor, Rathcoole","","Dublin","€295,154.18","No","Yes","New Dwelling house /Apartment","greater than or equal to 38 sq metres and less than 125 sq metres"
"11/06/2015","14 Merrion Court, Ailesbury Road, Dublin 4","Dublin 4","Dublin","€525,000.00","No","No","Second-Hand Dwelling house /Apartment",""
"11/06/2015","153 BRIARWOOD AVE, MULHUDDART, DUBLIN 15","Dublin 15","Dublin","€220,000.00","No","No","Second-Hand Dwelling house /Apartment",""
"11/06/2015","158 GLEANN NA RI, VALLEY AVE, DRUID VALLEY DUBLIN 18","Dublin 18","Dublin","€293,000.00","No","No","Second-Hand Dwelling house /Apartment",""
"11/06/2015","16 anne devlin park, rathfarnham, dublin 14","Dublin 14","Dublin","€441,000.00","No","No","Second-Hand Dwelling house /Apartment",""
"11/06/2015","16 RIALTO COTTAGES, RIALTO, DUBLIN 8","Dublin 8","Dublin","€156,000.00","No","No","Second-Hand Dwelling house /Apartment",""
"11/06/2015","17 OCURRY RD, SOUTH CIRCULAR RD, DUBLIN 8","Dublin 8","Dublin","€304,000.00","No","No","Second-Hand Dwelling house /Apartment",""
"11/06/2015","2 ROSARY TERRACE, LIBRARY RD, DUN LAOGHAIRE","","Dublin","€445,000.00","No","No","Second-Hand Dwelling house /Apartment",""
"11/06/2015","20 RATHMINES TOWN CENTRE, RATHMINES, DUBLIN 6","Dublin 6","Dublin","€250,000.00","No","No","Second-Hand Dwelling house /Apartment",""
"11/06/2015","20 THE GLEN BODEN PARK, BALLYBODEN, DUBLIN","Dublin 16","Dublin","€405,000.00","No","No","Second-Hand Dwelling house /Apartment",""
"11/06/2015","24A BALFE AVE, WALKINSTOWN, DUBLIN 12","Dublin 12","Dublin","€299,250.00","No","No","Second-Hand Dwelling house /Apartment",""
"11/06/2015","25 CASTLE PARK, BALROTHERY, TALLAGHT DUBLIN 24","Dublin 24","Dublin","€30,465.93","Yes","No","Second-Hand Dwelling house /Apartment",""
"11/06/2015","25 ROSSMORE RD, BALLYFERMOT, DUBLIN 10","Dublin 10","Dublin","€160,000.00","No","No","Second-Hand Dwelling house /Apartment",""
"11/06/2015","27 DARLEY ST, HAROLDS CROSS, DUBLIN 6","Dublin 6","Dublin","€360,000.00","No","No","Second-Hand Dwelling house /Apartment",""
"11/06/2015","28 BLACKBOURNE SQUARE, RATHFARNHAM GATE, RATHFARNHAM","","Dublin","€275,000.00","No","No","Second-Hand Dwelling house /Apartment",""
"11/06/2015","29 ROEBUCK HILL APTS, MOUNT ANVILLE RD, DUBLIN 14","Dublin 14","Dublin","€336,000.00","No","No","Second-Hand Dwelling house /Apartment",""
"11/06/2015","2D RATHBORNE WAY, ASHTOWN, DUBLIN 15","Dublin 15","Dublin","€225,000.00","No","No","Second-Hand Dwelling house /Apartment",""
"11/06/2015","31 WOODBINE DR, RAHENY, DUBLIN 5","Dublin 5","Dublin","€330,000.00","No","No","Second-Hand Dwelling house /Apartment",""
"11/06/2015","33 RATHDRUM RD, CRUMLIN, DUBLIN 12","Dublin 12","Dublin","€300,000.00","No","No","Second-Hand Dwelling house /Apartment",""
"11/06/2015","37 REUBEN AVENUE, DOLPHINS BARN, DUBLIN 8","","Dublin","€220,000.00","No","No","Second-Hand Dwelling house /Apartment",""
"11/06/2015","4 GRIFFEEN GLEN CLOSE, LUCAN, DUBLIN","","Dublin","€288,000.00","No","No","Second-Hand Dwelling house /Apartment",""
"11/06/2015","40 BLACKBOURNE SQUARE, RATHFARNHAM GATE, DUBLIN 14","Dublin 14","Dublin","€342,500.00","No","No","Second-Hand Dwelling house /Apartment",""
"11/06/2015","41 HAZEL AVE, KILMACUD, BLACKROCK","","Dublin","€574,000.00","No","No","Second-Hand Dwelling house /Apartment",""
"11/06/2015","42 The Elms, Ridgewood, Forest Road  Swords","","Dublin","€268,722.00","No","Yes","New Dwelling house /Apartment","less than 38 sq metres"
"11/06/2015","44 FLEMING RD, DRUMCONDRA, DUBLIN 9","Dublin 9","Dublin","€302,000.00","No","No","Second-Hand Dwelling house /Apartment",""
"11/06/2015","44 RIDGEWOOD GREEN, FOREST LITTLE RD, SWORDS","","Dublin","€350,000.00","No","No","Second-Hand Dwelling house /Apartment",""
"11/06/2015","46 THE GLEN, BODEN PARK, RATHFARNHAM DUBLIN 16","Dublin 16","Dublin","€390,000.00","No","No","Second-Hand Dwelling house /Apartment",""
"11/06/2015","47 WOODLANDS AVE, CABINTEELY, DUBLIN 18","","Dublin","€535,000.00","No","No","Second-Hand Dwelling house /Apartment",""
"11/06/2015","495 PEARSE VILLAS, SALLYNOGGIN, DUBLIN","","Dublin","€90,000.00","No","No","Second-Hand Dwelling house /Apartment",""
"11/06/2015","5 PROBY GARDENS, BLACKROCK, DUBLIN","","Dublin","€675,000.00","No","No","Second-Hand Dwelling house /Apartment",""
"11/06/2015","50 PINEWOOD GREEN AVE, BALBRIGGAN, DUBLIN","","Dublin","€131,500.00","No","No","Second-Hand Dwelling house /Apartment",""
"11/06/2015","6 Symphony House, Adelaide Road, Dublin 4","Dublin 2","Dublin","€525,000.00","No","No","Second-Hand Dwelling house /Apartment",""
"11/06/2015","63 CLONARD PARK, SANDYFORD, DUBLIN 16","Dublin 16","Dublin","€460,000.00","No","No","Second-Hand Dwelling house /Apartment",""
"11/06/2015","70 MONASTERY GATE AVENUE, CLONDALKIN, DUBLIN 22","Dublin 22","Dublin","€235,000.00","No","No","Second-Hand Dwelling house /Apartment",""
"11/06/2015","76 SAINT IGNATIUS ROAD, PHIBSOBORO, DUBLIN 7","","Dublin","€277,000.00","No","No","Second-Hand Dwelling house /Apartment",""
"11/06/2015","79 CLONARD RD, CRUMLIN, DUBLIN 12","Dublin 12","Dublin","€105,059.96","Yes","No","Second-Hand Dwelling house /Apartment",""
"11/06/2015","81 College Square, Wainsfort Manor Drive, Terenure","Dublin 6w","Dublin","€555,066.07","No","Yes","New Dwelling house /Apartment","greater than or equal to 38 sq metres and less than 125 sq metres"
"11/06/2015","9 CHURCHLANDS SANDYFORD VILLAGE, DUBLIN 18, DUBLIN","Dublin 18","Dublin","€670,000.00","No","No","Second-Hand Dwelling house /Apartment",""
"11/06/2015","APT 15, BOLTON SQ, LOWER DOMINICK ST DUBLIN 1","Dublin 1","Dublin","€130,000.00","No","No","Second-Hand Dwelling house /Apartment",""
"11/06/2015","apt 55 Seascape, Clontarf, Dublin 3","Dublin 3","Dublin","€321,586.00","No","Yes","New Dwelling house /Apartment","greater than or equal to 38 sq metres and less than 125 sq metres"
"11/06/2015","APTI8 BUTLERS COURT, SIR JOHN ROGERSON QUAY, DUBLIN","Dublin 15","Dublin","€348,000.00","No","No","Second-Hand Dwelling house /Apartment",""
"11/06/2015","LONGACRES HOUSE, PORTERS LANE, PORTRANE","","Dublin","€1,400,000.00","No","No","Second-Hand Dwelling house /Apartment",""
"11/06/2015","ST ANNES CONVENT, UPPER KILMACUD RD, STILLORGAN","","Dublin","€930,000.00","No","No","Second-Hand Dwelling house /Apartment",""
"12/06/2015","1 ALMA COURT, ALMA RD, MONKSTOWN","","Dublin","€285,000.00","No","No","Second-Hand Dwelling house /Apartment",""
"12/06/2015","1 FIELD AVE, WALKINSTOWN, DUBLIN 12","Dublin 12","Dublin","€267,000.00","No","No","Second-Hand Dwelling house /Apartment",""
"12/06/2015","1 PEMBROKE PARK, DONNYBROOK, DUBLIN 4","","Dublin","€6,000.00","No","No","Second-Hand Dwelling house /Apartment",""
"12/06/2015","1 The Square, Aubrey Manor, Rathcoole","","Dublin","€535,772.00","No","Yes","New Dwelling house /Apartment","greater than or equal to 38 sq metres and less than 125 sq metres"
"12/06/2015","10 CHARLESTOWN PARK, ST MARGARETS RD, DUBLIN 11","Dublin 11","Dublin","€221,000.00","No","No","Second-Hand Dwelling house /Apartment",""
"12/06/2015","10 FERN COURT PARK, OLD COURT, DUBLIN 24","Dublin 24","Dublin","€370,000.00","No","No","Second-Hand Dwelling house /Apartment",""
"12/06/2015","10 OATFIELD AVE, CLONDALKIN, DUBLIN 22","Dublin 22","Dublin","€141,353.00","No","No","Second-Hand Dwelling house /Apartment",""
"12/06/2015","10 TEMPLEVIEW WAY, CLARE HALL MALAHIDE RD, DUBLIN 17","Dublin 13","Dublin","€255,000.00","No","No","Second-Hand Dwelling house /Apartment",""
"12/06/2015","10 VINTAGE COURT, CORK ST, DUBLIN 8","Dublin 8","Dublin","€141,353.00","No","No","Second-Hand Dwelling house /Apartment",""
"12/06/2015","103 ALLEN PARK RD, STILLORGAN, DUBLIN","","Dublin","€353,383.00","No","No","Second-Hand Dwelling house /Apartment",""
"12/06/2015","104 FOSTERBROOK, STILLORGAN RD, BLACKROCK","","Dublin","€608,000.00","No","No","Second-Hand Dwelling house /Apartment",""
"12/06/2015","11 BANTRY RD, DUBLIN 9, DUBLIN","Dublin 9","Dublin","€480,000.00","No","No","Second-Hand Dwelling house /Apartment",""
"12/06/2015","11 MALAHIDE RD, REAR, SWORDS","Dublin 15","Dublin","€314,118.00","No","No","Second-Hand Dwelling house /Apartment",""
"12/06/2015","11 NORTH CIRCULAR RD, DUBLIN 7, DUBLIN CITY","Dublin 7","Dublin","€225,000.00","No","No","Second-Hand Dwelling house /Apartment",""
"12/06/2015","11 THE SCHOONER, ALVERNO, CASTLE AVE","Dublin 3","Dublin","€297,500.00","No","No","Second-Hand Dwelling house /Apartment",""
"12/06/2015","113 CHERRY AVE, RIVERVALLEY, SWORDS","","Dublin","€220,000.00","No","No","Second-Hand Dwelling house /Apartment",""
"12/06/2015","113 CHERRYWOOD DR, CLONDALKIN, DUBLIN CITY","Dublin 22","Dublin","€145,280.00","No","No","Second-Hand Dwelling house /Apartment",""
"12/06/2015","114 ISLAND QUAY, EAST RD, EAST WALL DUBLIN 3","Dublin 3","Dublin","€150,000.00","No","No","Second-Hand Dwelling house /Apartment",""
"12/06/2015","12 HYACINTH ST, NORTH STRAND, DUBLIN 3","Dublin 3","Dublin","€106,015.00","No","No","Second-Hand Dwelling house /Apartment",""
"12/06/2015","12 ST PATRICKS TERRACE, INCHICORE, DUBLIN 8","Dublin 8","Dublin","€250,000.00","No","No","Second-Hand Dwelling house /Apartment",""
"12/06/2015","121 SCARRIFF HOUSE, CUSTOM HOUSE SQ, DUBLIN 1","Dublin 1","Dublin","€170,000.00","No","No","Second-Hand Dwelling house /Apartment",""
"12/06/2015","129 CLONMACNOISE ROAD, DUBLIN 12","Dublin 12","Dublin","€187,000.00","No","No","Second-Hand Dwelling house /Apartment",""
"12/06/2015","13 LUTTRELLSTOWN HEIGHTS, LUTTRELLSTOWN GLEN, CASTLEKNOCK DUBLIN 15","Dublin 15","Dublin","€376,000.00","No","No","Second-Hand Dwelling house /Apartment",""
"12/06/2015","130 LIMEKILN GREEN, WALKINGSTOWN, DUBLIN 12","Dublin 12","Dublin","€219,000.00","No","No","Second-Hand Dwelling house /Apartment",""
"12/06/2015","152 LOHUNDA DOWNS, CLONSILLA, DUBLIN 15","Dublin 15","Dublin","€177,000.00","No","No","Second-Hand Dwelling house /Apartment",""
"12/06/2015","16 UPPER MOUNT PLEASANT AVE, RANELAGH DUBLIN 6","Dublin 6","Dublin","€530,075.00","No","No","Second-Hand Dwelling house /Apartment",""
"12/06/2015","16 WOODSTOWN HILL, WOODSTOWN VILLAGE, KNOCKLYON DUBLIN 16","Dublin 16","Dublin","€400,000.00","No","No","Second-Hand Dwelling house /Apartment",""
"12/06/2015","16A INGLEWODD RD, HARTSTOWN, DUBLIN 15","Dublin 15","Dublin","€215,956.00","No","No","Second-Hand Dwelling house /Apartment",""
"12/06/2015","17 FAWN LODGE, CASTLEKNOCK RD, CASTLEKNOCK DUBLIN 15","Dublin 15","Dublin","€338,500.00","No","No","Second-Hand Dwelling house /Apartment",""
"12/06/2015","17 Mountjoy Square, Dublin 1","Dublin 1","Dublin","€452,500.00","No","No","Second-Hand Dwelling house /Apartment",""
"12/06/2015","18 HAZEL, WINTER GARDEN APTS, PEARSE ST","Dublin 2","Dublin","€165,000.00","No","No","Second-Hand Dwelling house /Apartment",""
"12/06/2015","19 FAWN LODGE, CASTLEKNOCK RD, CASTLEKNOCK DUBLIN 15","Dublin 15","Dublin","€360,000.00","No","No","Second-Hand Dwelling house /Apartment",""
"12/06/2015","2 HAVEN HOUSE, DUBLIN RD, SKERRIES","","Dublin","€70,677.00","No","No","Second-Hand Dwelling house /Apartment",""
"12/06/2015","200 CLONLIFFE RD, DRUMCONDRA, DUBLIN 3","Dublin 3","Dublin","€274,854.00","No","No","Second-Hand Dwelling house /Apartment",""
"12/06/2015","22 BALLYOWEN HALL LUCAN, DUBLIN","","Dublin","€225,000.00","No","No","Second-Hand Dwelling house /Apartment",""
"12/06/2015","22 CASTLEGATE CHASE, ADAMSTOWN, LUCAN","","Dublin","€188,471.00","No","No","Second-Hand Dwelling house /Apartment",""
"12/06/2015","22 GALLERY QUAY, BLOCK 3, GRAND CANAL DOCK","Dublin 15","Dublin","€175,000.00","No","No","Second-Hand Dwelling house /Apartment",""
"12/06/2015","22 WHEATFIELD CLOSE, CLONDALKIN, DUBLIN","Dublin 22","Dublin","€117,794.00","No","No","Second-Hand Dwelling house /Apartment",""
"12/06/2015","22 WOOD BROOK CT, RIVER WOOD RD, CASTLEKNOCK DUBLIN 15","Dublin 15","Dublin","€133,500.00","No","No","Second-Hand Dwelling house /Apartment",""
"12/06/2015","22A SALLYNOGGIN ROAD, SALLYNOGGIN","","Dublin","€320,000.00","No","No","Second-Hand Dwelling house /Apartment",""
"12/06/2015","23 ST JOHNS DR, CLONDALKIN, DUBLIN 22","Dublin 22","Dublin","€129,574.00","No","No","Second-Hand Dwelling house /Apartment",""
"12/06/2015","24 PARKVIEW, ROBSWALL, MALAHIDE","","Dublin","€290,000.00","No","No","Second-Hand Dwelling house /Apartment",""
"12/06/2015","24 RICHMOND RD, DUBLIN 3, DUBLIN","Dublin 3","Dublin","€405,000.00","No","No","Second-Hand Dwelling house /Apartment",""
"12/06/2015","24 WHEATFIELD CRESCENT, CLONDALKIN, DUBLIN CITY","Dublin 22","Dublin","€117,794.00","No","No","Second-Hand Dwelling house /Apartment",""
"12/06/2015","241 LARAGHCON, LUCAN, DUBLIN","","Dublin","€485,000.00","No","No","Second-Hand Dwelling house /Apartment",""
"12/06/2015","25 CASTLE PARK, BALROTHERY, TALLAGHT DUBLIN 24","Dublin 24","Dublin","€196,000.00","No","No","Second-Hand Dwelling house /Apartment",""
"12/06/2015","25 HOMELAWN GARDENS, TALLAGHT, DUBLIN","Dublin 24","Dublin","€205,000.00","No","No","Second-Hand Dwelling house /Apartment",""
"12/06/2015","26 BACHELORS WALK, DUBLIN 1, DUBLIN","Dublin 15","Dublin","€502,589.00","No","No","Second-Hand Dwelling house /Apartment",""
"12/06/2015","26 BUCKINGHAM ST, DUBLIN 1","Dublin 1","Dublin","€400,000.00","No","No","Second-Hand Dwelling house /Apartment",""
"12/06/2015","26 SHELERIN RD, CLONSILLA, DUBLIN","Dublin 15","Dublin","€298,413.00","No","No","Second-Hand Dwelling house /Apartment",""
"12/06/2015","26 ST MARKS GARDENS, CLONDALKIN, DUBLIN 22","Dublin 22","Dublin","€121,721.00","No","No","Second-Hand Dwelling house /Apartment",""
"12/06/2015","27 PARK ST, INCHICORE, DUBLIN 10","Dublin 10","Dublin","€187,500.00","No","No","Second-Hand Dwelling house /Apartment",""
"12/06/2015","3 DERRYNANE GARDENS, SANDYMOUNT, DUBLIN 4","Dublin 4","Dublin","€525,000.00","No","No","Second-Hand Dwelling house /Apartment",""
"12/06/2015","3 GARVILLE MEWS, RATHGAR, DUBLIN 6","Dublin 6","Dublin","€485,000.00","No","No","Second-Hand Dwelling house /Apartment",""
"12/06/2015","30 THE BRAMBLINGS, KILLESTER, DUBLIN 5","Dublin 5","Dublin","€380,000.00","No","No","Second-Hand Dwelling house /Apartment",""
"12/06/2015","31 GLENART AVE, BLACKROCK, DUBLIN","","Dublin","€2,150,000.00","No","No","Second-Hand Dwelling house /Apartment",""
"12/06/2015","32 SMITHFIELD GATE, SMITHFIELD, DUBLIN 7","","Dublin","€180,618.00","No","No","Second-Hand Dwelling house /Apartment",""
"12/06/2015","32 WILLOW WOOD PARK, CLONSILLA, DUBLIN 15","Dublin 15","Dublin","€215,500.00","No","No","Second-Hand Dwelling house /Apartment",""
"12/06/2015","32A WOODFORD LAWN, CLONDALKIN, DUBLIN 22","Dublin 22","Dublin","€102,088.00","No","No","Second-Hand Dwelling house /Apartment",""
"12/06/2015","33 CASTLECOURT, HOWTH RD, CLONTARF DUBLIN 3","Dublin 3","Dublin","€396,000.00","No","No","Second-Hand Dwelling house /Apartment",""
"12/06/2015","331 CASTLEFORBES SQ, CASTLEFORBES RD, DUBLIN 1","Dublin 1","Dublin","€265,000.00","No","No","Second-Hand Dwelling house /Apartment",""
"12/06/2015","34 SEAPOINT, BALBRIGGAN, CO DUBLIN","","Dublin","€120,000.00","No","No","Second-Hand Dwelling house /Apartment",""
"12/06/2015","35 BLASKET SQ, WATERVILLE, BLANCHARDSTOWN DUBLIN 15","Dublin 15","Dublin","€113,868.00","No","No","Second-Hand Dwelling house /Apartment",""
"12/06/2015","35 WHEATFIELD AVE, CLONDALKIN, DUBLIN 22","Dublin 22","Dublin","€117,794.00","No","No","Second-Hand Dwelling house /Apartment",""
"12/06/2015","36 WAINSFORT MANOR DR, TERENURE, DUBLIN 6W","","Dublin","€400,000.00","No","No","Second-Hand Dwelling house /Apartment",""
"12/06/2015","36 WHEATFIELD CRESCENT, CLONDALKIN, DUBLIN 22","Dublin 22","Dublin","€117,794.00","No","No","Second-Hand Dwelling house /Apartment",""
"12/06/2015","360 TONYLEGEE RD, RAHENY DUBLIN 5, DUBLIN","Dublin 5","Dublin","€280,000.00","No","No","Second-Hand Dwelling house /Apartment",""
"12/06/2015","36A BINN EADAIR VIEW, SUTTON, DUBLIN","Dublin 13","Dublin","€335,000.00","No","No","Second-Hand Dwelling house /Apartment",""
"12/06/2015","37 THE KYBE, SKERRIES, DUBLIN","","Dublin","€208,103.00","No","No","Second-Hand Dwelling house /Apartment",""
"12/06/2015","39 CLOONLARA DR, FINGLAS, DUBLIN 11","Dublin 15","Dublin","€78,530.00","No","No","Second-Hand Dwelling house /Apartment",""
"12/06/2015","39 MARFIELD CLOSE, KILLTOPPER RD, TALLAGHT DUBLIN 24","Dublin 24","Dublin","€95,000.00","No","No","Second-Hand Dwelling house /Apartment",""
"12/06/2015","4 THE GREEN, WOODBROOK GLEN, BRAY","","Dublin","€300,000.00","No","No","Second-Hand Dwelling house /Apartment",""
"12/06/2015","4 WHEATFIELD CRESCENT, CLONDALKIN, DUBLIN","Dublin 22","Dublin","€117,794.00","No","No","Second-Hand Dwelling house /Apartment",""
"12/06/2015","42 BEECH HILL DRIVE, DONNYBROOK, DUBLIN 4","","Dublin","€425,000.00","No","No","Second-Hand Dwelling house /Apartment",""
"12/06/2015","44 FERNS RD, CRUMLIN, DUBLIN CITY","Dublin 12","Dublin","€172,000.00","No","No","Second-Hand Dwelling house /Apartment",""
"12/06/2015","5 GOLDEN RIDGE VIEW, RUSH, DUBLIN","","Dublin","€165,000.00","No","No","Second-Hand Dwelling house /Apartment",""
"12/06/2015","5 LINN BAN, DOCTORS LANE, RUSH","","Dublin","€245,000.00","No","No","Second-Hand Dwelling house /Apartment",""
"12/06/2015","54 GLENAULIN RD, PALMERSTOWN, DUBLIN 20","Dublin 20","Dublin","€304,500.00","No","No","Second-Hand Dwelling house /Apartment",""
"12/06/2015","56 THE RECTORY, STEPASIDE, DUBLIN","Dublin 18","Dublin","€262,000.00","No","No","Second-Hand Dwelling house /Apartment",""
"12/06/2015","57 THE BELFRY, ENNISKERRY ROAD, STEPASIDE","Dublin 18","Dublin","€178,500.00","Yes","No","Second-Hand Dwelling house /Apartment",""
"12/06/2015","6 Weavers Walk, Clonsilla, Dublin 15","Dublin 15","Dublin","€252,048.45","No","Yes","New Dwelling house /Apartment","greater than or equal to 38 sq metres and less than 125 sq metres"
"12/06/2015","62 THOMAS HAND ST, SKERRIES, DUBLIN","","Dublin","€172,765.00","No","No","Second-Hand Dwelling house /Apartment",""
"12/06/2015","63 ST JOHNS DRIVE, CLONDALKIN, CO DUBLIN","","Dublin","€133,500.00","No","No","Second-Hand Dwelling house /Apartment",""
"12/06/2015","66 CARLINGFORD RD, DRUMCONDRA DUBLIN 9","Dublin 9","Dublin","€333,751.00","No","No","Second-Hand Dwelling house /Apartment",""
"12/06/2015","68 LISMORE RD, CRUMLIN, DUBLIN 12","Dublin 12","Dublin","€217,000.00","No","No","Second-Hand Dwelling house /Apartment",""
"12/06/2015","7 HAMILTON ST, CIRCULAR RD SOUTH, DUBLIN 8","Dublin 8","Dublin","€385,000.00","No","No","Second-Hand Dwelling house /Apartment",""
"12/06/2015","7 KNOCKNAGOW GREENVILLE RD, BLACKROCK, DUBLIN","","Dublin","€327,000.00","No","No","Second-Hand Dwelling house /Apartment",""
"12/06/2015","7 VICTORIA STREET, PORTOBELLO","Dublin 8","Dublin","€451,545.00","No","No","Second-Hand Dwelling house /Apartment",""
"12/06/2015","75 PATRICK ST, DUN LAOGHAIRE, DUBLIN","","Dublin","€472,500.00","No","No","Second-Hand Dwelling house /Apartment",""
"12/06/2015","8 COLDWATER LAKES, SAGGART, DUBLIN","Dublin 24","Dublin","€750,000.00","No","No","Second-Hand Dwelling house /Apartment",""
"12/06/2015","8 FERNLEIGH DALE, CARPENTERSTOWN, DUBLIN 15","","Dublin","€280,000.00","No","No","Second-Hand Dwelling house /Apartment",""
"12/06/2015","82 Thorn Chase, Rush, County Dublin","","Dublin","€152,000.00","No","No","Second-Hand Dwelling house /Apartment",""
"12/06/2015","83 HUBAND RD, BLUEBELL, DUBLIN 12","Dublin 12","Dublin","€96,291.69","Yes","No","Second-Hand Dwelling house /Apartment",""
"12/06/2015","9 Albert Court East, Grand Canal Street, Dublin 2","Dublin 2","Dublin","€850,000.00","No","No","Second-Hand Dwelling house /Apartment",""
"12/06/2015","9 CASTLEFIELD DRIVE, CASTLEFIELD MANOR, DUBLIN 16","","Dublin","€380,000.00","No","No","Second-Hand Dwelling house /Apartment",""
"12/06/2015","9 ST CLARE TERRACE, HAROLDS CROSS, DUBLIN 6","Dublin 6","Dublin","€507,500.00","No","No","Second-Hand Dwelling house /Apartment",""
"12/06/2015","9 Waterside Court, Waterside, Swords Road","","Dublin","€211,453.74","No","Yes","New Dwelling house /Apartment","greater than or equal to 38 sq metres and less than 125 sq metres"
"12/06/2015","Apartment 49, The Moorings, Fitzwilliam Quay","Dublin 15","Dublin","€350,000.00","No","No","Second-Hand Dwelling house /Apartment",""
"12/06/2015","APT 123 HOGAN HOUSE, LORETTO ABBEY, RATHFARNHAM","Dublin 16","Dublin","€235,589.00","No","No","Second-Hand Dwelling house /Apartment",""
"12/06/2015","APT 1, 14 AMIENS STREET, DUBLIN 1","Dublin 1","Dublin","€175,000.00","No","No","Second-Hand Dwelling house /Apartment",""
"12/06/2015","APT 2 MILLRACE CT, PHOENIX PARK RACE COURSE, CASTLEKNOCK DUBLIN 15","Dublin 15","Dublin","€200,251.00","No","No","Second-Hand Dwelling house /Apartment",""
"12/06/2015","APT 2, 14 AMIENS STREET, DUBLIN 1","","Dublin","€135,000.00","No","No","Second-Hand Dwelling house /Apartment",""
"12/06/2015","APT 39 ORCHARD, OLD LEIXLIP RD, LUCAN","","Dublin","€190,000.00","No","No","Second-Hand Dwelling house /Apartment",""
"12/06/2015","APT 3, 14 AMIENS STREET, DUBLIN 1","Dublin 1","Dublin","€175,000.00","No","No","Second-Hand Dwelling house /Apartment",""
"12/06/2015","APT 4, 14 AMIENS STREET, DUBLIN 1","Dublin 1","Dublin","€135,000.00","No","No","Second-Hand Dwelling house /Apartment",""
"12/06/2015","APT 5, 14 AMIENS STREET, DUBLIN 1","Dublin 1","Dublin","€135,000.00","No","No","Second-Hand Dwelling house /Apartment",""
"12/06/2015","APT 6, 14 AMIENS STREET, DUBLIN 1","Dublin 1","Dublin","€135,000.00","No","No","Second-Hand Dwelling house /Apartment",""
"12/06/2015","APT 86 OLD KILMAINHAM VILLAGE, BOW LANE WEST, DUBLIN 8","Dublin 8","Dublin","€157,059.00","No","No","Second-Hand Dwelling house /Apartment",""
"12/06/2015","APT 93 SOUTHGATE, CORK ST, DUBLIN 8","Dublin 8","Dublin","€176,692.00","No","No","Second-Hand Dwelling house /Apartment",""
"12/06/2015","APT 97, BOW BRIDGE, IRWIN ST DUBLIN 8","Dublin 8","Dublin","€157,059.00","No","No","Second-Hand Dwelling house /Apartment",""
"12/06/2015","APT 98, SPENCER HOUSE, CUSTOMS HOUSE SQ IFSC DUBLIN 1","Dublin 1","Dublin","€350,000.00","No","No","Second-Hand Dwelling house /Apartment",""
"12/06/2015","BLOCK 5    APARTMENT 10, EATON WAY, RATHCOOLE","","Dublin","€109,941.00","No","No","Second-Hand Dwelling house /Apartment",""
"12/06/2015","CARRICAIL, CARRICKMINES, DUBLIN","Dublin 18","Dublin","€942,355.00","No","No","Second-Hand Dwelling house /Apartment",""
"12/06/2015","EXECUTORS OF DERMOT O FLYNN ESTATE, 14 CASTLE COURT, BOOTERSTOWN","","Dublin","€762,500.00","No","No","Second-Hand Dwelling house /Apartment",""
"12/06/2015","House No. 2 Kensington Manor, Rochestown Avenue, Dun Laoghaire","","Dublin","€559,471.36","No","Yes","New Dwelling house /Apartment","greater than or equal to 38 sq metres and less than 125 sq metres"
"12/06/2015","KILSHANE CROSS, HUNTSTOWN, DUBLIN 15","","Dublin","€219,883.00","No","No","Second-Hand Dwelling house /Apartment",""
"12/06/2015","Number 61 The Elms, Ridgewood, Swords","","Dublin","€277,533.04","No","Yes","New Dwelling house /Apartment","greater than or equal to 38 sq metres and less than 125 sq metres"
"12/06/2015","THE COTTAGE, ROGERSTOWN LANE, LUSK","","Dublin","€157,059.00","No","No","Second-Hand Dwelling house /Apartment",""
"12/06/2015","TOP FLOOR APARTMENT, 5 VICO RD, DALKEY","","Dublin","€588,972.00","No","No","Second-Hand Dwelling house /Apartment",""
"12/06/2015","Wild Meadows, Green Lane, Coolquay","Dublin 11","Dublin","€550,000.00","No","No","Second-Hand Dwelling house /Apartment",""
"15/06/2015","11 THE VILLA BUILDING, HARBOUR RD, HOWTH","Dublin 13","Dublin","€380,000.00","No","No","Second-Hand Dwelling house /Apartment",""
"15/06/2015","14 HAYDENS PARK GROVE, LUCAN, DUBLIN","","Dublin","€344,000.00","No","No","Second-Hand Dwelling house /Apartment",""
"15/06/2015","15 WATERMILL RD, RAHENY, DUBLIN 5","Dublin 5","Dublin","€270,000.00","No","No","Second-Hand Dwelling house /Apartment",""
"15/06/2015","16 BEAUVALE PARK, ARTANE, DUBLIN 5","Dublin 5","Dublin","€351,000.00","No","No","Second-Hand Dwelling house /Apartment",""
"15/06/2015","17 Swords Manor Drive, Swords, County Dublin","","Dublin","€320,000.00","No","No","Second-Hand Dwelling house /Apartment",""
"15/06/2015","176 THE GALLERY, TURVEY WALK, DONABATE","","Dublin","€199,500.00","No","No","Second-Hand Dwelling house /Apartment",""
"15/06/2015","18 KILBRIDE RD, KILLESTER, DUBLIN 5","Dublin 5","Dublin","€315,000.00","No","No","Second-Hand Dwelling house /Apartment",""
"15/06/2015","19  Seascape, Clontarf Road","Dublin 3","Dublin","€660,793.00","No","Yes","New Dwelling house /Apartment","greater than or equal to 38 sq metres and less than 125 sq metres"
"15/06/2015","19 CLARINDA MANOR, DUN LAOGHAIRE, DUBLIN","","Dublin","€360,255.00","No","No","Second-Hand Dwelling house /Apartment",""
"15/06/2015","2 DUNDANIEL COURT, DUNDANIEL RD, KILMORE DUBLIN 5","Dublin 5","Dublin","€50,000.00","No","No","Second-Hand Dwelling house /Apartment",""
"15/06/2015","20 Cedar Square, Blackrock","","Dublin","€422,000.00","No","No","Second-Hand Dwelling house /Apartment",""
"15/06/2015","21 WESTEND VILLAGE, BLANCHARDSTOWN, DUBLIN 15","Dublin 15","Dublin","€140,000.00","No","No","Second-Hand Dwelling house /Apartment",""
"15/06/2015","23 CLADDAGH GREEN BALLYFERMOT, DUBLIN 10, DUBLIN","Dublin 10","Dublin","€165,000.00","No","No","Second-Hand Dwelling house /Apartment",""
"15/06/2015","23 LANESBOROUGH COURT, FINGLAS, DUBLIN 11","Dublin 11","Dublin","€145,000.00","No","No","Second-Hand Dwelling house /Apartment",""
"15/06/2015","25 LARKHILL RD, LARKHILL DUBLIN 9, DUBLIN","Dublin 9","Dublin","€83,745.84","Yes","No","Second-Hand Dwelling house /Apartment",""
"15/06/2015","294 Block 8A, Tallaght Cross West, Dublin 24","Dublin 24","Dublin","€107,679.29","No","Yes","New Dwelling house /Apartment","greater than or equal to 38 sq metres and less than 125 sq metres"
"15/06/2015","295 Block 8A, Tallaght Cross West, Dublin 24","Dublin 24","Dublin","€107,679.29","No","Yes","New Dwelling house /Apartment","greater than or equal to 38 sq metres and less than 125 sq metres"
"15/06/2015","296 Block 8A, Tallaght Cross West, Dublin 24","Dublin 24","Dublin","€128,367.50","No","Yes","New Dwelling house /Apartment","greater than or equal to 38 sq metres and less than 125 sq metres"
"15/06/2015","297 Block 8A, Tallaght Cross West, Dublin 24","Dublin 24","Dublin","€107,679.29","No","Yes","New Dwelling house /Apartment","greater than or equal to 38 sq metres and less than 125 sq metres"
"15/06/2015","298 Block 8A, Tallaght Cross West, Dublin 24","Dublin 24","Dublin","€86,967.89","No","Yes","New Dwelling house /Apartment","greater than or equal to 38 sq metres and less than 125 sq metres"
"15/06/2015","299 Block 8A, Tallaght Cross West, Dublin 24","Dublin 24","Dublin","€128,367.50","No","Yes","New Dwelling house /Apartment","greater than or equal to 38 sq metres and less than 125 sq metres"
"15/06/2015","3 COLLINS CLOSE, COLLINS AVE, DUBLIN 9","Dublin 9","Dublin","€235,000.00","No","No","Second-Hand Dwelling house /Apartment",""
"15/06/2015","3 OLD QUAY, STRAND RD, SUTTON DUBLIN 13","Dublin 13","Dublin","€725,000.00","No","No","Second-Hand Dwelling house /Apartment",""
"15/06/2015","36 The Paddocks Crescent, Adamstown","","Dublin","€271,366.00","No","Yes","New Dwelling house /Apartment","greater than or equal to 38 sq metres and less than 125 sq metres"
"15/06/2015","399 MALAHIDE MARINA VILLAGE, MALAHIDE, DUBLIN","","Dublin","€420,000.00","No","No","Second-Hand Dwelling house /Apartment",""
"15/06/2015","40 THE VILLAGE, PORTERSTOWN, DUBLIN","Dublin 5","Dublin","€108,600.00","Yes","No","Second-Hand Dwelling house /Apartment",""
"15/06/2015","41 KILMAHUDDRICK WALK, CLONDALKIN, DUBLIN 22","Dublin 22","Dublin","€172,000.00","No","No","Second-Hand Dwelling house /Apartment",""
"15/06/2015","42, Kilteragh Road, Foxrock","Dublin 18","Dublin","€775,000.00","No","No","Second-Hand Dwelling house /Apartment",""
"15/06/2015","44 VALLEY VIEW, SWORDS, DUBLIN","","Dublin","€224,000.00","No","No","Second-Hand Dwelling house /Apartment",""
"15/06/2015","46 LISMORE RD, KIMMAGE, DUBLIN 12","Dublin 12","Dublin","€195,000.00","No","No","Second-Hand Dwelling house /Apartment",""
"15/06/2015","49 Waterside Drive, Swords Road, Malahide","","Dublin","€202,644.00","No","Yes","New Dwelling house /Apartment","greater than or equal to 38 sq metres and less than 125 sq metres"
"15/06/2015","51 RIVERSIDE PK, COOLOCK, DUBLIN 17","Dublin 17","Dublin","€270,000.00","No","No","Second-Hand Dwelling house /Apartment",""
"15/06/2015","6 GRATTAN COURT, INCHICORE TERRACE SOUTH, DUBLIN 8","Dublin 8","Dublin","€230,000.00","No","No","Second-Hand Dwelling house /Apartment",""
"15/06/2015","62 The Elms, Ridgewood, Forrest Road  Swords","","Dublin","€268,722.00","No","Yes","New Dwelling house /Apartment","greater than or equal to 38 sq metres and less than 125 sq metres"
"15/06/2015","8 BEECHDALE AVE, FIRHOUSE, DUBLIN 24","Dublin 24","Dublin","€358,000.00","No","No","Second-Hand Dwelling house /Apartment",""
"15/06/2015","8 CORKAGH VIEW, JOHNS ROAD, CLONDALKIN","","Dublin","€255,000.00","No","No","Second-Hand Dwelling house /Apartment",""
"15/06/2015","APT 1 CHANDLERS GUILD, JAMES ST, DUBLIN 8","Dublin 8","Dublin","€138,000.00","No","No","Second-Hand Dwelling house /Apartment",""
"15/06/2015","Apt 300 Block 8A, Tallaght Cross West, Dublin 24","Dublin 24","Dublin","€107,679.29","No","Yes","New Dwelling house /Apartment","greater than or equal to 38 sq metres and less than 125 sq metres"
"15/06/2015","Apt 301 Block 8A, Tallaght Cross West, Dublin 24","Dublin 24","Dublin","€111,834.58","No","Yes","New Dwelling house /Apartment","greater than or equal to 38 sq metres and less than 125 sq metres"
"15/06/2015","Apt 302 Block 8A, Tallaght Cross, Dublin 24","Dublin 24","Dublin","€111,834.58","No","Yes","New Dwelling house /Apartment","greater than or equal to 38 sq metres and less than 125 sq metres"
"15/06/2015","Apt 303 Block 8A, Tallght Cross West, Dublin 24","Dublin 24","Dublin","€130,445.15","No","Yes","New Dwelling house /Apartment","greater than or equal to 38 sq metres and less than 125 sq metres"
"15/06/2015","Apt 303 Block 8A, Tallght Cross West, Dublin 24","Dublin 24","Dublin","€130,445.15","No","Yes","New Dwelling house /Apartment","greater than or equal to 38 sq metres and less than 125 sq metres"
"15/06/2015","Apt 304 Block 8A, Tallaght Cross West, Dublin 24","Dublin 24","Dublin","€111,834.58","No","Yes","New Dwelling house /Apartment","greater than or equal to 38 sq metres and less than 125 sq metres"
"15/06/2015","Apt 305 Block 8A, Tallaght Cross West, Dublin 24","Dublin 24","Dublin","€91,123.18","No","Yes","New Dwelling house /Apartment","greater than or equal to 38 sq metres and less than 125 sq metres"
"15/06/2015","Apt 306 Block 8A, Tallaght Cross West, Dublin 24","Dublin 24","Dublin","€130,445.15","No","Yes","New Dwelling house /Apartment","greater than or equal to 38 sq metres and less than 125 sq metres"
"15/06/2015","Apt 307 Block 8A, Tallaght Cross West, Dublin 24","Dublin 24","Dublin","€111,834.58","No","Yes","New Dwelling house /Apartment","greater than or equal to 38 sq metres and less than 125 sq metres"
"15/06/2015","Apt 308 Block 8A, Tallaght Cross West, Dublin 24","Dublin 24","Dublin","€115,989.86","No","Yes","New Dwelling house /Apartment","greater than or equal to 38 sq metres and less than 125 sq metres"
"15/06/2015","Apt 309 Block 8A, Tallaght Cross West, Dublin 24","Dublin 24","Dublin","€115,989.86","No","Yes","New Dwelling house /Apartment","greater than or equal to 38 sq metres and less than 125 sq metres"
"15/06/2015","Apt 310 Block 8A, Tallaght Cross West, Dublin 24","Dublin 24","Dublin","€132,522.79","No","Yes","New Dwelling house /Apartment","greater than or equal to 38 sq metres and less than 125 sq metres"
"15/06/2015","Apt 311 Block 8A, Tallaght Cross West, Dublin 24","Dublin 24","Dublin","€115,989.86","No","Yes","New Dwelling house /Apartment","greater than or equal to 38 sq metres and less than 125 sq metres"
"15/06/2015","Apt 312 Block 8A, Tallaght Cross West, Dublin 24","Dublin 24","Dublin","€95,278.47","No","Yes","New Dwelling house /Apartment","greater than or equal to 38 sq metres and less than 125 sq metres"
"15/06/2015","Apt 313 Block 8A, Tallaght Cross West, Dublin 24","Dublin 24","Dublin","€132,522.79","No","Yes","New Dwelling house /Apartment","greater than or equal to 38 sq metres and less than 125 sq metres"
"15/06/2015","Apt 314 Block 8A, Tallaght Cross West, Dublin 24","Dublin 24","Dublin","€115,989.86","No","Yes","New Dwelling house /Apartment","greater than or equal to 38 sq metres and less than 125 sq metres"
"15/06/2015","Apt 315 Block 8A, Tallaght Cross West, Dublin 24","Dublin 24","Dublin","€120,145.15","No","Yes","New Dwelling house /Apartment","greater than or equal to 38 sq metres and less than 125 sq metres"
"15/06/2015","Apt 316 Block 8A, Tallaght Cross West, Dublin 24","Dublin 24","Dublin","€120,145.15","No","Yes","New Dwelling house /Apartment","greater than or equal to 38 sq metres and less than 125 sq metres"
"15/06/2015","Apt 317 Block 8A, Tallaght Cross West, Dublin 24","Dublin 24","Dublin","€132,522.79","No","Yes","New Dwelling house /Apartment","greater than or equal to 38 sq metres and less than 125 sq metres"
"15/06/2015","Apt 318 Block 8A, Tallaght Cross West, Dublin 24","Dublin 24","Dublin","€120,145.15","No","Yes","New Dwelling house /Apartment","greater than or equal to 38 sq metres and less than 125 sq metres"
"15/06/2015","Apt 319 Block 8A, Tallaght Cross West, Dublin 24","Dublin 24","Dublin","€99,433.75","No","Yes","New Dwelling house /Apartment","greater than or equal to 38 sq metres and less than 125 sq metres"
"15/06/2015","Apt 320 Block 8A, Tallaght Cross West, Dublin 24","Dublin 24","Dublin","€132,522.79","No","Yes","New Dwelling house /Apartment","greater than or equal to 38 sq metres and less than 125 sq metres"
"15/06/2015","Apt 321 Block 8A, Tallaght Cross West, Dublin 24","Dublin 24","Dublin","€120,145.15","No","Yes","New Dwelling house /Apartment","greater than or equal to 38 sq metres and less than 125 sq metres"
"15/06/2015","Apt 322 Block 8A, Tallaght Cross West, Dublin 24","Dublin 24","Dublin","€124,300.44","No","Yes","New Dwelling house /Apartment","greater than or equal to 38 sq metres and less than 125 sq metres"
"15/06/2015","Apt 323 Block 8A, Tallaght Cross West, Dublin 24","Dublin 24","Dublin","€136,678.07","No","Yes","New Dwelling house /Apartment","greater than or equal to 38 sq metres and less than 125 sq metres"
"15/06/2015","Apt 324 Block 8A, Tallaght Cross West, Dublin 24","Dublin 24","Dublin","€124,300.44","No","Yes","New Dwelling house /Apartment","greater than or equal to 38 sq metres and less than 125 sq metres"
"15/06/2015","Apt 325 Block 8A, Tallaght Cross West, Dublin 24","Dublin 24","Dublin","€99,433.75","No","Yes","New Dwelling house /Apartment","greater than or equal to 38 sq metres and less than 125 sq metres"
"15/06/2015","Apt 326 Block 8A, Tallaght Cross West, Dublin 24","Dublin 24","Dublin","€99,433.75","No","Yes","New Dwelling house /Apartment","greater than or equal to 38 sq metres and less than 125 sq metres"
"15/06/2015","Apt 327 Block 8B, Tallaght Cross West, Dublin 24","Dublin 24","Dublin","€78,657.32","No","Yes","New Dwelling house /Apartment","greater than or equal to 38 sq metres and less than 125 sq metres"
"15/06/2015","Apt 328 Block 8B, Tallaght Cross West, Dublin 24","Dublin 24","Dublin","€99,368.72","No","Yes","New Dwelling house /Apartment","greater than or equal to 38 sq metres and less than 125 sq metres"
"15/06/2015","Apt 329 Block 8B, Tallaght Cross West, Dublin 24","Dublin 24","Dublin","€86,967.89","No","Yes","New Dwelling house /Apartment","greater than or equal to 38 sq metres and less than 125 sq metres"
"15/06/2015","Apt 330 Block 8B, Tallaght Cross West, Dublin 24","Dublin 24","Dublin","€78,657.32","No","Yes","New Dwelling house /Apartment","greater than or equal to 38 sq metres and less than 125 sq metres"
"15/06/2015","Apt 331 Block 8B, Tallaght Cross West, Dublin 24","Dublin 24","Dublin","€120,056.93","No","Yes","New Dwelling house /Apartment","greater than or equal to 38 sq metres and less than 125 sq metres"
"15/06/2015","Apt 332 Block 8B, Tallaght Cross West, Dublin 24","Dublin 24","Dublin","€128,367.50","No","Yes","New Dwelling house /Apartment","greater than or equal to 38 sq metres and less than 125 sq metres"
"15/06/2015","Apt 333 Block 8B, Tallaght Cross West, Dublin 24","Dublin 24","Dublin","€86,967.89","No","Yes","New Dwelling house /Apartment","greater than or equal to 38 sq metres and less than 125 sq metres"
"15/06/2015","Apt 334 Block 8B, Tallaght Cross West, Dublin 24","Dublin 24","Dublin","€86,967.89","No","Yes","New Dwelling house /Apartment","greater than or equal to 38 sq metres and less than 125 sq metres"
"15/06/2015","Apt 335 Block 8B, Tallaght Cross West, Dublin 24","Dublin 24","Dublin","€107,679.29","No","Yes","New Dwelling house /Apartment","greater than or equal to 38 sq metres and less than 125 sq metres"
"15/06/2015","Apt 336 Block 8B, Tallaght Cross West, Dublin 24","Dublin 24","Dublin","€91,123.18","No","Yes","New Dwelling house /Apartment","greater than or equal to 38 sq metres and less than 125 sq metres"
"15/06/2015","Apt 337 Block 8B, Tallaght Cross West, Dublin 24","Dublin 24","Dublin","€86,967.89","No","Yes","New Dwelling house /Apartment","greater than or equal to 38 sq metres and less than 125 sq metres"
"15/06/2015","Apt 338 Block 8B, Tallaght Cross West, Dublin 24","Dublin 24","Dublin","€126,289.86","No","Yes","New Dwelling house /Apartment","greater than or equal to 38 sq metres and less than 125 sq metres"
"15/06/2015","Apt 339 Block 8B, Tallaght Cross West, Dublin 24","Dublin 24","Dublin","€130,445.15","No","Yes","New Dwelling house /Apartment","greater than or equal to 38 sq metres and less than 125 sq metres"
"15/06/2015","Apt 340 Block 8B, Tallaght Cross West, Dublin 24","Dublin 24","Dublin","€111,834.58","No","Yes","New Dwelling house /Apartment","greater than or equal to 38 sq metres and less than 125 sq metres"
"15/06/2015","Apt 341 Block 8B, Tallaght Cross West, Dublin 24","Dublin 24","Dublin","€95,278.47","No","Yes","New Dwelling house /Apartment","greater than or equal to 38 sq metres and less than 125 sq metres"
"15/06/2015","Apt 342 Block 8B, Tallaght Cross West, Dublin 24","Dublin 24","Dublin","€115,989.86","No","Yes","New Dwelling house /Apartment","greater than or equal to 38 sq metres and less than 125 sq metres"
"15/06/2015","Apt 343 Block 8B, Tallaght Cross West, Dublin 24","Dublin 24","Dublin","€95,278.47","No","Yes","New Dwelling house /Apartment","greater than or equal to 38 sq metres and less than 125 sq metres"
"15/06/2015","Apt 344 Block 8B, Tallaght Cross West, Dublin 24","Dublin 24","Dublin","€95,278.47","No","Yes","New Dwelling house /Apartment","greater than or equal to 38 sq metres and less than 125 sq metres"
"15/06/2015","Apt 345 Block 8B, Tallaght Cross West, Dublin 24","Dublin 24","Dublin","€132,522.79","No","Yes","New Dwelling house /Apartment","greater than or equal to 38 sq metres and less than 125 sq metres"
"15/06/2015","Apt 346 Block 8B, Tallaght Cross West, Dublin 24","Dublin 24","Dublin","€132,522.79","No","Yes","New Dwelling house /Apartment","greater than or equal to 38 sq metres and less than 125 sq metres"
"15/06/2015","Apt 346 Block 8B, Tallaght Cross West, Dublin 24","Dublin 24","Dublin","€132,522.79","No","Yes","New Dwelling house /Apartment","greater than or equal to 38 sq metres and less than 125 sq metres"
"15/06/2015","Apt 347 Block 8B, Tallght Cross West, Dublin 24","Dublin 24","Dublin","€115,989.86","No","Yes","New Dwelling house /Apartment","greater than or equal to 38 sq metres and less than 125 sq metres"
"15/06/2015","Apt 348 Block 8B, Tallaght Cross West, Dublin 24","Dublin 24","Dublin","€99,433.75","No","Yes","New Dwelling house /Apartment","greater than or equal to 38 sq metres and less than 125 sq metres"
"15/06/2015","Apt 349 Block 8B, Tallaght Cross West, Dublin 24","Dublin 24","Dublin","€120,145.15","No","Yes","New Dwelling house /Apartment","greater than or equal to 38 sq metres and less than 125 sq metres"
"15/06/2015","Apt 350 Block 8B, Tallaght Cross West, Dublin 24","Dublin 24","Dublin","€99,433.75","No","Yes","New Dwelling house /Apartment","greater than or equal to 38 sq metres and less than 125 sq metres"
"15/06/2015","Apt 351 Block 8B, Tallaght Cross West, Dublin 24","Dublin 24","Dublin","€99,433.75","No","Yes","New Dwelling house /Apartment","greater than or equal to 38 sq metres and less than 125 sq metres"
"15/06/2015","Apt 352 Block 8B, Tallaght Cross West, Dublin 24","Dublin 24","Dublin","€132,522.79","No","Yes","New Dwelling house /Apartment","greater than or equal to 38 sq metres and less than 125 sq metres"
"15/06/2015","Apt 353 Block 8B, Tallaght Cross West, Dublin 24","Dublin 24","Dublin","€136,678.07","No","Yes","New Dwelling house /Apartment","greater than or equal to 38 sq metres and less than 125 sq metres"
"15/06/2015","Apt 354 block 8B, Tallaght Cross West, Dublin 24","Dublin 24","Dublin","€120,145.15","No","Yes","New Dwelling house /Apartment","greater than or equal to 38 sq metres and less than 125 sq metres"
"15/06/2015","Apt 355 Block 8B, Tallaght Cross West, Dublin 24","Dublin 24","Dublin","€99,433.75","No","Yes","New Dwelling house /Apartment","greater than or equal to 38 sq metres and less than 125 sq metres"
"15/06/2015","Apt 356 Block 8B, Tallaght Cross West, Dublin 24","Dublin 24","Dublin","€99,433.75","No","Yes","New Dwelling house /Apartment","greater than or equal to 38 sq metres and less than 125 sq metres"
"15/06/2015","Apt 357 Block 8B, Tallaght Cross West, Dublin 24","Dublin 24","Dublin","€140,833.36","No","Yes","New Dwelling house /Apartment","greater than or equal to 38 sq metres and less than 125 sq metres"
"15/06/2015","Apt 358 Block 8B, Tallaght Cross West, Dublin 24","Dublin 24","Dublin","€124,300.44","No","Yes","New Dwelling house /Apartment","greater than or equal to 38 sq metres and less than 125 sq metres"
"15/06/2015","APT 9, BELFORT COURT, SYDENHAM VILLAS DUBLIN 14","Dublin 14","Dublin","€290,000.00","No","No","Second-Hand Dwelling house /Apartment",""
"15/06/2015","Block 8A and Block 8B, Tallaght Cross West, Dublin 24","Dublin 24","Dublin","€7,743,017.58","No","Yes","New Dwelling house /Apartment","greater than or equal to 38 sq metres and less than 125 sq metres"
"15/06/2015","Mazemore, Torquay Road, Foxrock","","Dublin","€958,250.00","No","No","Second-Hand Dwelling house /Apartment",""
"15/06/2015","Unit 52 Seascape, 366 Clontarf Road, Dublin 3","","Dublin","€355,000.00","No","Yes","New Dwelling house /Apartment","greater than or equal to 38 sq metres and less than 125 sq metres"
"16/06/2015","10 MARTELLO RISE, BALBRIGGAN, DUBLIN","","Dublin","€140,000.00","No","No","Second-Hand Dwelling house /Apartment",""
"16/06/2015","11 Chapel Hill, Chapelizod, Dublin 20","Dublin 20","Dublin","€306,537.74","No","Yes","New Dwelling house /Apartment","greater than or equal to 38 sq metres and less than 125 sq metres"
"16/06/2015","12 ST CRONANS VIEW, SWORDS, DUBLIN","","Dublin","€217,000.00","Yes","No","Second-Hand Dwelling house /Apartment",""
"16/06/2015","14 Castlelands Park way, Balbriggan","","Dublin","€205,286.00","No","Yes","New Dwelling house /Apartment","greater than or equal to 38 sq metres and less than 125 sq metres"
"16/06/2015","144 RATHFARNHAM RD, RATHFARNHAM, DUBLIN 14","","Dublin","€375,000.00","No","No","Second-Hand Dwelling house /Apartment",""
"16/06/2015","155 ROSARY TERRACE, STELLA GARDENS, IRISHTOWN DUBLIN 4","Dublin 4","Dublin","€305,000.00","No","No","Second-Hand Dwelling house /Apartment",""
"16/06/2015","16 TYMONVILLE CRESCENT, DUBLIN 24, DUBLIN","Dublin 24","Dublin","€160,000.00","Yes","No","Second-Hand Dwelling house /Apartment",""
"16/06/2015","167 RUSHEENY VILLAGE, CLONSILLA, DUBLIN 15","","Dublin","€163,000.00","No","No","Second-Hand Dwelling house /Apartment",""
"16/06/2015","17 BEECHFIELD HEIGHTS, CLONEE, DUBLIN","Dublin 15","Dublin","€180,000.00","No","No","Second-Hand Dwelling house /Apartment",""
"16/06/2015","17 Park Street, Clongriffin","Dublin 13","Dublin","€269,717.18","No","Yes","New Dwelling house /Apartment","greater than 125 sq metres"
"16/06/2015","17 THE RISE, BODEN PARK, RATHFARNHAM DUBLIN 16","Dublin 16","Dublin","€390,000.00","No","No","Second-Hand Dwelling house /Apartment",""
"16/06/2015","17 TULLYHALL AVE, LUCAN, DUBLIN","","Dublin","€270,000.00","No","No","Second-Hand Dwelling house /Apartment",""
"16/06/2015","21 CORRIG PARK, DUN LAOGHAIRE, DUBLIN","","Dublin","€750,000.00","No","No","Second-Hand Dwelling house /Apartment",""
"16/06/2015","23 TANDY COURT, FRANCIS STREET, DUBLIN 8","","Dublin","€193,000.00","No","No","Second-Hand Dwelling house /Apartment",""
"16/06/2015","24 Merton Road, Rathmines","Dublin 6","Dublin","€1,525,000.00","No","No","Second-Hand Dwelling house /Apartment",""
"16/06/2015","248 KILDARE RD, CRUMLIN, DUBLIN 12","Dublin 12","Dublin","€88,632.53","Yes","No","Second-Hand Dwelling house /Apartment",""
"16/06/2015","26 CASTAHEANY, CASTAHEANY, DUBLIN 15","Dublin 15","Dublin","€245,000.00","No","No","Second-Hand Dwelling house /Apartment",""
"16/06/2015","27 CLONLIFFE SQ, DISTILLERY RD, DRUMCONDRA DUBLIN 3","Dublin 3","Dublin","€225,000.00","No","No","Second-Hand Dwelling house /Apartment",""
"16/06/2015","27 Longview Avenue, Millers Glen, Swords","","Dublin","€211,410.00","No","Yes","New Dwelling house /Apartment","greater than or equal to 38 sq metres and less than 125 sq metres"
"16/06/2015","3 SARSFIELD QUAY, OFF LIFFEY ST WEST, DUBLIN","Dublin 15","Dublin","€300,000.00","No","No","Second-Hand Dwelling house /Apartment",""
"16/06/2015","3 The Garganey, Baranageeragh Cove, Skerries","","Dublin","€277,533.03","No","Yes","New Dwelling house /Apartment","greater than or equal to 38 sq metres and less than 125 sq metres"
"16/06/2015","31 Slade Castle Walk, Saggart, Co Dublin","","Dublin","€120,704.84","No","Yes","New Dwelling house /Apartment","less than 38 sq metres"
"16/06/2015","31 VENETIAN HALL, HOWTH RD, KILLESTER DUBLIN 5","Dublin 5","Dublin","€275,000.00","No","No","Second-Hand Dwelling house /Apartment",""
"16/06/2015","321 COWPER DOWNS, RATHMINES, DUBLIN 6","Dublin 6","Dublin","€150,000.00","No","No","Second-Hand Dwelling house /Apartment",""
"16/06/2015","4 The Grove, Heathfield, Cappagh Road","Dublin 11","Dublin","€137,705.00","No","Yes","New Dwelling house /Apartment","greater than or equal to 38 sq metres and less than 125 sq metres"
"16/06/2015","49 OAK RISE, GREENPARK, CLONDALKIN DUBLIN 22","Dublin 22","Dublin","€190,000.00","No","No","Second-Hand Dwelling house /Apartment",""
"16/06/2015","5 DANGAN PARK, KIMMAGE, DUBLIN 12","Dublin 12","Dublin","€435,000.00","No","No","Second-Hand Dwelling house /Apartment",""
"16/06/2015","5 DUN AENGUS, DUBLIN 24, DUBLIN","Dublin 24","Dublin","€262,000.00","No","No","Second-Hand Dwelling house /Apartment",""
"16/06/2015","5 HYBLA COURT, BLACKHORSE AVE, DUBLIN 7","Dublin 7","Dublin","€195,000.00","No","No","Second-Hand Dwelling house /Apartment",""
"16/06/2015","54 EADENMORE GDNS, RAHEEN, DUBLIN 5","","Dublin","€104,261.95","Yes","No","Second-Hand Dwelling house /Apartment",""
"16/06/2015","68 WINDMILL PARK, CRUMLIN DUBLIN 12, DUBLIN","Dublin 12","Dublin","€225,000.00","No","No","Second-Hand Dwelling house /Apartment",""
"16/06/2015","69 BALLINCLEA HEIGHTS, KILLINEY, DUBLIN","","Dublin","€696,000.00","No","No","Second-Hand Dwelling house /Apartment",""
"16/06/2015","7 MUSIC HALL, COWS LANE, TEMPLE BAR DUBLIN 8","Dublin 8","Dublin","€185,000.00","No","No","Second-Hand Dwelling house /Apartment",""
"16/06/2015","85 GANDON CLOSE, HAROLDS CROSS RD, HAROLDS CROSS DUBLIN 6W","","Dublin","€145,000.00","No","No","Second-Hand Dwelling house /Apartment",""
"16/06/2015","9 HILLTOWN PARK, RIVERVALLEY, SWORDS","","Dublin","€326,000.00","No","No","Second-Hand Dwelling house /Apartment",""
"16/06/2015","91 LAWDON RD, BALLYFERMOT, DUBLIN 10","Dublin 10","Dublin","€190,000.00","No","No","Second-Hand Dwelling house /Apartment",""
"16/06/2015","Apartment 26 Rochdale, Honeypark, Dun Laoghaire","","Dublin","€110,500.00","No","Yes","New Dwelling house /Apartment","greater than or equal to 38 sq metres and less than 125 sq metres"
"16/06/2015","APARTMENT NO 6, THE MALTON, 31-33 MERRION ROAD","Dublin 4","Dublin","€630,000.00","No","No","Second-Hand Dwelling house /Apartment",""
"16/06/2015","APT 1 GRANTHAM MEWS, DUBLIN 8, DUBLIN","Dublin 8","Dublin","€230,000.00","No","No","Second-Hand Dwelling house /Apartment",""
"17/06/2015","1 LEOPARDSTOWN AVE, LEOPARDSTOWN, DUBLIN 18","","Dublin","€692,000.00","No","No","Second-Hand Dwelling house /Apartment",""
"17/06/2015","1 The Garganey, Barnageeragh Cove, Skerries","","Dublin","€295,154.18","No","Yes","New Dwelling house /Apartment","greater than or equal to 38 sq metres and less than 125 sq metres"
"17/06/2015","1 WATERSIDE VIEW, WATERSIDE, SWORDS RD","Dublin 9","Dublin","€240,000.00","No","No","Second-Hand Dwelling house /Apartment",""
"17/06/2015","10 Music Hall, Cow's Lane, Temple Bar","Dublin 8","Dublin","€275,000.00","No","No","Second-Hand Dwelling house /Apartment",""
"17/06/2015","10 STREAM VILLE CLOSE, KILBARRACK, DUBLIN 13","Dublin 13","Dublin","€108,399.75","Yes","No","Second-Hand Dwelling house /Apartment",""
"17/06/2015","11 PINE HURST, NAVAN RD, DUBLIN 7","Dublin 7","Dublin","€330,000.00","No","No","Second-Hand Dwelling house /Apartment",""
"17/06/2015","13 THE PROMENADE, KELLYS BAY, SKERRIES","","Dublin","€354,500.00","No","No","Second-Hand Dwelling house /Apartment",""
"17/06/2015","134 BLACKHALL SQUARE, NORTH BRUNSWICK ST, DUBLIN 7","Dublin 7","Dublin","€162,000.00","No","No","Second-Hand Dwelling house /Apartment",""
"17/06/2015","136 LITTLEPACE WALK, CLONEE, DUBLIN 15","","Dublin","€250,000.00","No","No","Second-Hand Dwelling house /Apartment",""
"17/06/2015","16 BIRCHDALE RD, KINSEALY COURT, SWORDS","","Dublin","€275,000.00","No","No","Second-Hand Dwelling house /Apartment",""
"17/06/2015","16 Delaford Avenue, Knocklyon","Dublin 16","Dublin","€425,000.00","No","No","Second-Hand Dwelling house /Apartment",""
"17/06/2015","17 MALTON, 31-33 MERRION ROAD, BALLSBRIDGE","","Dublin","€980,000.00","No","No","Second-Hand Dwelling house /Apartment",""
"17/06/2015","19 BROOKFIELD COURT, RICHMOND AVE SOUTH, DARTRY","Dublin 6","Dublin","€595,000.00","No","No","Second-Hand Dwelling house /Apartment",""
"17/06/2015","19 LINDEN, 31 33 MERRION RD, BALLSBRIDGE DUBLIN 4","Dublin 4","Dublin","€960,000.00","No","No","Second-Hand Dwelling house /Apartment",""
"17/06/2015","1C Percy Lane, Ballsbridge, Dublin 4","Dublin 4","Dublin","€1,057,268.73","No","Yes","New Dwelling house /Apartment","greater than 125 sq metres"
"17/06/2015","2 CURRAGH HALL COURT, TYRRELSTOWN, DUBLIN 15","Dublin 15","Dublin","€235,000.00","No","No","Second-Hand Dwelling house /Apartment",""
"17/06/2015","2 ROEBUCK HALL, THE PALMS, CLONSKEAGH DUBLIN 14","Dublin 14","Dublin","€165,000.00","No","No","Second-Hand Dwelling house /Apartment",""
"17/06/2015","20 MELLOWES QUAY, USHERS QUAY, DUBLIN 8","Dublin 2","Dublin","€109,388.35","Yes","No","Second-Hand Dwelling house /Apartment",""
"17/06/2015","23 VILLA PARK AVENUE, NAVAN ROAD","Dublin 7","Dublin","€419,000.00","No","No","Second-Hand Dwelling house /Apartment",""
"17/06/2015","29 BOROIMHE MAPLES, SWORDS, DUBLIN","","Dublin","€187,000.00","No","No","Second-Hand Dwelling house /Apartment",""
"17/06/2015","3 BRENNANSTOWN AVE, BRENNANSTOWN, CABINTEELY DUBLIN 18","Dublin 18","Dublin","€450,000.00","No","No","Second-Hand Dwelling house /Apartment",""
"17/06/2015","3 THE CLAYTON, THE GASWORKS, SOUTH LOTTS RD DUBLIN 4","Dublin 4","Dublin","€65,000.00","Yes","No","Second-Hand Dwelling house /Apartment",""
"17/06/2015","37 THE PADDOCKSCRESCENT, ADAMSTOWN, LUCAN","","Dublin","€271,365.63","No","Yes","New Dwelling house /Apartment","greater than or equal to 38 sq metres and less than 125 sq metres"
"17/06/2015","3A DERRYNANE GARDENS, SANDYMOUNT, DUBLIN 4","Dublin 4","Dublin","€475,000.00","No","No","Second-Hand Dwelling house /Apartment",""
"17/06/2015","4 Boulders, Rochestown Avenue, Dun Laoghaire","","Dublin","€682,819.00","No","Yes","New Dwelling house /Apartment","greater than 125 sq metres"
"17/06/2015","41 BRECAN CLOSE, BALBRIGGAN, DUBLIN","","Dublin","€145,000.00","No","No","Second-Hand Dwelling house /Apartment",""
"17/06/2015","5 Aideen Mews, Aideen Place, Terenure","","Dublin","€406,000.00","No","No","Second-Hand Dwelling house /Apartment",""
"17/06/2015","5 BALLYOWEN RD LUCAN, DUBLIN","","Dublin","€273,000.00","No","No","Second-Hand Dwelling house /Apartment",""
"17/06/2015","5 O DONNELL GARDENS, GLASTHULE, DUBLIN","","Dublin","€405,000.00","No","No","Second-Hand Dwelling house /Apartment",""
"17/06/2015","5 The Garth, Carrickmines Wood, Carrickbrennan Road","Dublin 18","Dublin","€985,000.00","No","No","Second-Hand Dwelling house /Apartment",""
"17/06/2015","52 STRAND ST, SKERRIES, DUBLIN","","Dublin","€340,000.00","No","No","Second-Hand Dwelling house /Apartment",""
"17/06/2015","54 CHERRYWOOD DR, CLONDALKIN, DUBLIN 22","Dublin 22","Dublin","€192,000.00","No","No","Second-Hand Dwelling house /Apartment",""
"17/06/2015","54 THE JAMES COURT, KILMAINHAM, DUBLIN 8","","Dublin","€170,000.00","No","No","Second-Hand Dwelling house /Apartment",""
"17/06/2015","55 DONAGHMEDE RD DONAGHMEDE, DUBLIN 13, DUBLIN","Dublin 15","Dublin","€290,000.00","No","No","Second-Hand Dwelling house /Apartment",""
"17/06/2015","7 Wingfield, Corke Abbey, Bray","","Dublin","€387,666.00","No","Yes","New Dwelling house /Apartment","greater than or equal to 38 sq metres and less than 125 sq metres"
"17/06/2015","72 AILESBURY GROVE, DUNDRUM, DUBLIN 16","Dublin 16","Dublin","€595,000.00","No","No","Second-Hand Dwelling house /Apartment",""
"17/06/2015","77 MONKSTOWN RD, MONKSTOWN, BLACKROCK","","Dublin","€1,250,000.00","No","No","Second-Hand Dwelling house /Apartment",""
"17/06/2015","8 BERRYFIELD, FINNSTOWN PRIORY, LUCAN","","Dublin","€280,000.00","No","No","Second-Hand Dwelling house /Apartment",""
"17/06/2015","8 WOODLAWN PARK AVE, FIRHOUSE, DUBLIN 24","Dublin 24","Dublin","€316,000.00","No","No","Second-Hand Dwelling house /Apartment",""
"17/06/2015","Apt 134 The Belfry, Enniskerry","","Dublin","€140,250.00","Yes","No","New Dwelling house /Apartment","greater than or equal to 38 sq metres and less than 125 sq metres"
"17/06/2015","APT 1, 124 LEINSTER RD, RATHMINES DUBLIN 6","Dublin 6","Dublin","€850,000.00","No","No","Second-Hand Dwelling house /Apartment",""
"17/06/2015","APT 3 GRANBY HALL, PARNELL SQ, DUBLIN 1","","Dublin","€158,000.00","No","No","Second-Hand Dwelling house /Apartment",""
"17/06/2015","APT 4, 1 JERVIS ST, DUBLIN 1","Dublin 1","Dublin","€100,000.00","No","No","Second-Hand Dwelling house /Apartment",""
"17/06/2015","APT 82 STEWARTS HALL, PARNELL STREET, DUBLIN 2","Dublin 1","Dublin","€195,000.00","No","No","Second-Hand Dwelling house /Apartment",""
"17/06/2015","Farmhouse, Streamstown Lane, Malahide","","Dublin","€479,500.00","No","No","Second-Hand Dwelling house /Apartment",""
"17/06/2015","Heuston South Quarter Development, St. John's Road West","Dublin 8","Dublin","€35,045,714.00","Yes","Yes","New Dwelling house /Apartment","greater than 125 sq metres"
"17/06/2015","Loretto, South Shore Road, Rush","","Dublin","€880,000.00","No","No","Second-Hand Dwelling house /Apartment",""
"18/06/2015","1 SEATOWN RD, SWORDS, DUBLIN","","Dublin","€233,846.00","No","No","Second-Hand Dwelling house /Apartment",""
"18/06/2015","1 ST MAELRUANS PARK, TALLAGHT, DUBLIN 24","Dublin 24","Dublin","€180,000.00","No","No","Second-Hand Dwelling house /Apartment",""
"18/06/2015","10 OLIVER PLUBKETT AVENUE, DUN LAOIRE, CO. DUBLIN","","Dublin","€250,000.00","No","No","Second-Hand Dwelling house /Apartment",""
"18/06/2015","10 SEATOWN RD, SWORDS, DUBLIN","","Dublin","€233,846.00","No","No","Second-Hand Dwelling house /Apartment",""
"18/06/2015","100 Abbotstown Avenue, Finglas","Dublin 15","Dublin","€167,500.00","No","No","Second-Hand Dwelling house /Apartment",""
"18/06/2015","102 CARRIGMORE CRESCENT, CITYWEST, SAGGART","Dublin 24","Dublin","€125,000.00","No","No","Second-Hand Dwelling house /Apartment",""
"18/06/2015","11 MARLEY HOUSE, TAYLORS HILL COLLEGE RD, RATHFARNHAM DUBLIN 16","Dublin 16","Dublin","€400,000.00","No","No","Second-Hand Dwelling house /Apartment",""
"18/06/2015","117 SEVEN OAKS BLOCK D, SARSFIELD RD, DUBLIN 10","Dublin 10","Dublin","€81,176.70","Yes","No","Second-Hand Dwelling house /Apartment",""
"18/06/2015","12 MUNSTER ST, DUBLIN 7","Dublin 7","Dublin","€300,000.00","No","No","Second-Hand Dwelling house /Apartment",""
"18/06/2015","13 CASTLE HEATH, SWORDS RD, MALAHIDE","","Dublin","€250,000.00","No","No","Second-Hand Dwelling house /Apartment",""
"18/06/2015","13 Coopers Wood, Kinsealy, County Dublin","","Dublin","€400,881.05","No","Yes","New Dwelling house /Apartment","greater than or equal to 38 sq metres and less than 125 sq metres"
"18/06/2015","13 SCARLET ROW, TEMPLE BAR, DUBLIN 8","Dublin 8","Dublin","€235,000.00","No","No","Second-Hand Dwelling house /Apartment",""
"18/06/2015","13 The Square, Aubrey Manor, Rathcoole","","Dublin","€396,475.77","No","Yes","New Dwelling house /Apartment","greater than 125 sq metres"
"18/06/2015","14 BEAVERS ROW, DONNYBROOK, DUBLIN 4","Dublin 4","Dublin","€410,000.00","No","No","Second-Hand Dwelling house /Apartment",""
"18/06/2015","140 St James Road, Walkinstown","Dublin 12","Dublin","€265,500.00","No","No","Second-Hand Dwelling house /Apartment",""
"18/06/2015","15 C OLD COURT COTTAGES, OLD COURT RD, TALLAGHT DUBLIN 24","Dublin 24","Dublin","€393,000.00","No","No","Second-Hand Dwelling house /Apartment",""
"18/06/2015","15 ST COLUMCILLES DR, SWORDS, DUBLIN","","Dublin","€233,846.00","No","No","Second-Hand Dwelling house /Apartment",""
"18/06/2015","157 THE SWEEPSTAKES, BALLSBRIDGE, DUBLIN 4","Dublin 4","Dublin","€290,000.00","No","No","Second-Hand Dwelling house /Apartment",""
"18/06/2015","15a Ennel Park, Artane","Dublin 5","Dublin","€305,000.00","No","No","Second-Hand Dwelling house /Apartment",""
"18/06/2015","17 ashegrove, knocksedan demesne, sword","","Dublin","€327,885.00","No","Yes","New Dwelling house /Apartment","greater than or equal to 38 sq metres and less than 125 sq metres"
"18/06/2015","17 ST COLUMCILLES DR, SWORDS, DUBLIN","","Dublin","€275,000.00","No","No","Second-Hand Dwelling house /Apartment",""
"18/06/2015","18 POPPINTREE PARADE POPPINTREE, DUBLIN 11, DUBLIN","Dublin 11","Dublin","€76,341.75","Yes","No","Second-Hand Dwelling house /Apartment",""
"18/06/2015","18 ST COLUMCILLES DR, SWORDS, DUBLIN","","Dublin","€233,846.00","No","No","Second-Hand Dwelling house /Apartment",""
"18/06/2015","19 ST COLUMCILLES DR, SWORDS, DUBLIN","","Dublin","€233,846.00","No","No","Second-Hand Dwelling house /Apartment",""
"18/06/2015","19 The Crescent, Woodpark, Ballinteer","Dublin 16","Dublin","€415,000.00","No","No","Second-Hand Dwelling house /Apartment",""
"18/06/2015","1B SEATOWN RD, SWORDS, DUBLIN","","Dublin","€233,846.00","No","No","Second-Hand Dwelling house /Apartment",""
"18/06/2015","2 BINN EADAIR VIEW, SUTTON, DUBLIN 13","Dublin 13","Dublin","€675,000.00","No","No","Second-Hand Dwelling house /Apartment",""
"18/06/2015","2 SEATOWN RD, SWORDS, DUBLIN","","Dublin","€233,846.00","No","No","Second-Hand Dwelling house /Apartment",""
"18/06/2015","2 WILLOW PLACE, DRUIDSVALLEY, CABINTEELY","","Dublin","€390,000.00","No","No","Second-Hand Dwelling house /Apartment",""
"18/06/2015","20 ST COLUMCILLES DR, SWORDS, DUBLIN","","Dublin","€233,846.00","No","No","Second-Hand Dwelling house /Apartment",""
"18/06/2015","205 Phoenix View, James's Street, Dublin 8","Dublin 8","Dublin","€120,000.00","No","No","Second-Hand Dwelling house /Apartment",""
"18/06/2015","21 ST COLUMCILLES DR, SWORDS, DUBLIN","","Dublin","€233,846.00","No","No","Second-Hand Dwelling house /Apartment",""
"18/06/2015","22 ST COLUMCILLES DR, SWORDS, DUBLIN","","Dublin","€233,846.00","No","No","Second-Hand Dwelling house /Apartment",""
"18/06/2015","24A PATRICIAN VILLAS, BLACKROCK, DUBLIN","","Dublin","€370,000.00","No","No","Second-Hand Dwelling house /Apartment",""
"18/06/2015","25 MEADOW COPSE, HARTSTOWN, CLONSILLA DUBLIN 15","Dublin 15","Dublin","€199,000.00","No","No","Second-Hand Dwelling house /Apartment",""
"18/06/2015","27 BETTYSTOWN AVE, ST ANNES ESTATE, RAHENY DUBLIN 5","Dublin 5","Dublin","€445,000.00","No","No","Second-Hand Dwelling house /Apartment",""
"18/06/2015","27 KINGSTON AVE, BALLINTEER, DUBLIN 16","Dublin 16","Dublin","€415,000.00","No","No","Second-Hand Dwelling house /Apartment",""
"18/06/2015","3 BELARMINE PARK, STEPASIDE, DUBLIN 18","Dublin 18","Dublin","€822,000.00","No","No","Second-Hand Dwelling house /Apartment",""
"18/06/2015","3 SEATOWN RD, SWORDS, DUBLIN","","Dublin","€150,000.00","No","No","Second-Hand Dwelling house /Apartment",""
"18/06/2015","3 WOODVIEW COURT, GLENALBYN ROAD, STILLORGAN","","Dublin","€300,000.00","No","No","Second-Hand Dwelling house /Apartment",""
"18/06/2015","32 SHANGANAGH VALE, SHANKILL, DUBLIN","Dublin 18","Dublin","€530,000.00","No","No","Second-Hand Dwelling house /Apartment",""
"18/06/2015","33 THE ELMS, MOUNT MERRION AVE, BLACKROCK","","Dublin","€272,500.00","No","No","Second-Hand Dwelling house /Apartment",""
"18/06/2015","36A GLENFIELD CLOSE, GLENFIELD, CLONDALKIN DUBLIN 22","Dublin 22","Dublin","€180,000.00","No","No","Second-Hand Dwelling house /Apartment",""
"18/06/2015","39 CIANLEA, SWORDS, DUBLIN","","Dublin","€230,000.00","No","No","Second-Hand Dwelling house /Apartment",""
"18/06/2015","397 GALTYMORE RD, DRIMNAGH, DUBLIN 12","Dublin 12","Dublin","€235,000.00","No","No","Second-Hand Dwelling house /Apartment",""
"18/06/2015","4 CHAPEL LANE, SWORDS, DUBLIN","","Dublin","€190,000.00","No","No","Second-Hand Dwelling house /Apartment",""
"18/06/2015","4 CHERRYWOOD, ST JOHNS, LOUGHLINSTOWN","Dublin 18","Dublin","€250,000.00","No","No","Second-Hand Dwelling house /Apartment",""
"18/06/2015","4 SEATOWN RD, SWORDS, DUBLIN","","Dublin","€50,000.00","No","No","Second-Hand Dwelling house /Apartment",""
"18/06/2015","40 Sorrell Heath, Clonsilla","Dublin 15","Dublin","€365,000.00","No","No","Second-Hand Dwelling house /Apartment",""
"18/06/2015","410 OLCOVER, SHANKILL, DUBLIN 18","Dublin 18","Dublin","€192,000.00","No","No","Second-Hand Dwelling house /Apartment",""
"18/06/2015","42 SYNGE ST, DUBLIN 8, DUBLIN","Dublin 8","Dublin","€975,000.00","No","No","Second-Hand Dwelling house /Apartment",""
"18/06/2015","46 REDWOOD, HOLLYSTOWN, DUBLIN 15","Dublin 15","Dublin","€272,000.00","No","No","Second-Hand Dwelling house /Apartment",""
"18/06/2015","5 SEATOWN RD, SWORDS, DUBLIN","","Dublin","€233,846.00","No","No","Second-Hand Dwelling house /Apartment",""
"18/06/2015","52 PRIORY WAY, MANOR GROVE, TERENURE DUBLIN 12","Dublin 12","Dublin","€435,000.00","No","No","Second-Hand Dwelling house /Apartment",""
"18/06/2015","53 COOLUMBER DR, RATHCOOLE, DUBLIN","Dublin 24","Dublin","€269,000.00","No","No","Second-Hand Dwelling house /Apartment",""
"18/06/2015","59 MOUNTFIELD PARK SEAMOUNT RD, MALAHIDE, DUBLIN","","Dublin","€290,000.00","No","No","Second-Hand Dwelling house /Apartment",""
"18/06/2015","6 Elder Heath Glade, Elder Heath, Kiltipper Road","Dublin 24","Dublin","€242,290.75","No","Yes","New Dwelling house /Apartment","greater than or equal to 38 sq metres and less than 125 sq metres"
"18/06/2015","6 OAKVIEW GROVE, HARTSTOWN, DUBLIN 5","","Dublin","€215,000.00","No","No","Second-Hand Dwelling house /Apartment",""
"18/06/2015","6 SEATOWN RD, SWORDS, DUBLIN","","Dublin","€233,846.00","No","No","Second-Hand Dwelling house /Apartment",""
"18/06/2015","69 St. Columba's Rise, Swords","","Dublin","€262,000.00","No","No","Second-Hand Dwelling house /Apartment",""
"18/06/2015","7 SEATOWN RD, SWORDS, DUBLIN","","Dublin","€140,000.00","No","No","Second-Hand Dwelling house /Apartment",""
"18/06/2015","72 HIGHGROVE, MOUNT TALBOT, CLONDALKIN","Dublin 22","Dublin","€170,000.00","No","No","Second-Hand Dwelling house /Apartment",""
"18/06/2015","73 FOREST HILLS, RATHCOOLE, DUBLIN","Dublin 24","Dublin","€200,000.00","No","No","Second-Hand Dwelling house /Apartment",""
"18/06/2015","79 MERRION PARK, BLACKROCK, DUBLIN","","Dublin","€695,000.00","No","No","Second-Hand Dwelling house /Apartment",""
"18/06/2015","8 CHAPEL LANE, SWORDS, DUBLIN","","Dublin","€190,000.00","No","No","Second-Hand Dwelling house /Apartment",""
"18/06/2015","8 SHANDLEWOOD APTS, CASTLEKNOCK, DUBLIN 15","Dublin 15","Dublin","€189,000.00","No","No","Second-Hand Dwelling house /Apartment",""
"18/06/2015","88 SEVEN OAKS, SARSFIELD ROAD, DUBLIN 10","Dublin 10","Dublin","€81,820.85","Yes","No","Second-Hand Dwelling house /Apartment",""
"18/06/2015","9 CHERRYGARTH, BRECAN CLOSE, BALBRIGGAN","","Dublin","€160,000.00","No","No","Second-Hand Dwelling house /Apartment",""
"18/06/2015","9 LINNETSFIELD AVE, DUBLIN 15, DUBLIN","Dublin 15","Dublin","€163,000.00","No","No","Second-Hand Dwelling house /Apartment",""
"18/06/2015","9 SEATOWN RD, SWORDS, DUBLIN","","Dublin","€233,846.00","No","No","Second-Hand Dwelling house /Apartment",""
"18/06/2015","APARTMENT 8 KITTIWAKE, BARNAGEERAGH, COVE","","Dublin","€163,000.00","No","No","Second-Hand Dwelling house /Apartment",""
"18/06/2015","APT 10, NEWMARKET SQ, WARDS HILL","Dublin 8","Dublin","€153,000.00","No","No","Second-Hand Dwelling house /Apartment",""
"18/06/2015","APT 13 THE MILLRACE, CHAPELIZOD, DUBLIN 20","Dublin 20","Dublin","€135,000.00","No","No","Second-Hand Dwelling house /Apartment",""
"18/06/2015","Apt 24 Montgomery Court, Foley Street","Dublin 1","Dublin","€230,000.00","No","No","Second-Hand Dwelling house /Apartment",""
"18/06/2015","APT 8, SEAPOINT COURT, TEMPLE CRESCENT","","Dublin","€380,000.00","No","No","Second-Hand Dwelling house /Apartment",""
"19/06/2015","1 Waterfall Court, 145/147 Richmond Road","Dublin 3","Dublin","€163,333.00","No","No","Second-Hand Dwelling house /Apartment",""
"19/06/2015","10 Waterfall Court, 145/147 Richmond Road","Dublin 3","Dublin","€163,333.00","No","No","Second-Hand Dwelling house /Apartment",""
"19/06/2015","101 BOROIMHE ALDER, SWORDS, DUBLIN","","Dublin","€161,500.00","No","No","Second-Hand Dwelling house /Apartment",""
"19/06/2015","101 THE KILNS, PORTMARNOCK, DUBLIN","Dublin 13","Dublin","€233,000.00","No","No","Second-Hand Dwelling house /Apartment",""
"19/06/2015","105 THE LINKS, DONABATE, DUBLIN","","Dublin","€365,000.00","No","No","Second-Hand Dwelling house /Apartment",""
"19/06/2015","11 Waterfall Court, 145/147 Richmond Avenue","Dublin 3","Dublin","€163,333.00","No","No","Second-Hand Dwelling house /Apartment",""
"19/06/2015","12 LOMBARD COURT, CLANBRASSIL ST LOWER, DUBLIN 8","Dublin 8","Dublin","€151,000.00","No","No","Second-Hand Dwelling house /Apartment",""
"19/06/2015","12 Waterfall Court, 145/147 Richmonda Road","Dublin 3","Dublin","€163,333.00","No","No","Second-Hand Dwelling house /Apartment",""
"19/06/2015","124 EAST COURTYARD, TULLYVALE, CHERRYWOOD","Dublin 18","Dublin","€240,000.00","No","No","Second-Hand Dwelling house /Apartment",""
"19/06/2015","13 Waterfall Court, 145/147 Richmond Avenue","Dublin 3","Dublin","€163,333.00","No","No","Second-Hand Dwelling house /Apartment",""
"19/06/2015","13 WESTPARK, ARTANE, DUBLIN 5","Dublin 5","Dublin","€275,000.00","No","No","Second-Hand Dwelling house /Apartment",""
"19/06/2015","130 Fassaugh Road, Cabra, Dublin 7","Dublin 7","Dublin","€160,000.00","No","No","Second-Hand Dwelling house /Apartment",""
"19/06/2015","14 Waterfall Court, 145/147 Richmond Avenue","Dublin 3","Dublin","€163,333.00","No","No","Second-Hand Dwelling house /Apartment",""
"19/06/2015","15 Waterfall Court, 145/147 Richmond Avenue","Dublin 3","Dublin","€163,333.00","No","No","Second-Hand Dwelling house /Apartment",""
"19/06/2015","155 THE SWEEPSTAKES, BALLSBRIDGE PARK, BALLSBRIDGE DUBLIN 4","Dublin 4","Dublin","€525,000.00","No","No","Second-Hand Dwelling house /Apartment",""
"19/06/2015","16 CLONARD STREET, BALBRIGGAN, CO. DUBLIN","","Dublin","€150,000.00","No","No","Second-Hand Dwelling house /Apartment",""
"19/06/2015","16 HUNTERS WAY, HUNTERS WOOD, BALLYCULLEN DUBLIN 24","Dublin 24","Dublin","€290,000.00","No","No","Second-Hand Dwelling house /Apartment",""
"19/06/2015","165 GRANGE ABBEY GROVE, BALDOYLE, DUBLIN 13","Dublin 13","Dublin","€255,000.00","No","No","Second-Hand Dwelling house /Apartment",""
"19/06/2015","169 Temple Court, Santry","Dublin 9","Dublin","€215,000.00","No","No","Second-Hand Dwelling house /Apartment",""
"19/06/2015","17 ORPEN HILL, STILLORGAN GROVE, BLACKROCK","","Dublin","€180,000.00","No","No","Second-Hand Dwelling house /Apartment",""
"19/06/2015","174 GLENVARA PARK, KNOCKLYON, DUBLIN 16","Dublin 16","Dublin","€315,000.00","No","No","Second-Hand Dwelling house /Apartment",""
"19/06/2015","18 THE STILES RD, CLONTARF, DUBLIN 3","Dublin 3","Dublin","€735,000.00","No","No","Second-Hand Dwelling house /Apartment",""
"19/06/2015","2 LINDEN COURT, GROVE AVENUE, BLACKROCK","","Dublin","€295,000.00","No","No","Second-Hand Dwelling house /Apartment",""
"19/06/2015","2 TEMPLE GDNS, NORTHWOOD, SANTRY","","Dublin","€181,000.00","No","No","Second-Hand Dwelling house /Apartment",""
"19/06/2015","2 Waterfall Court, 145-147 Richmond Road","Dublin 3","Dublin","€163,333.00","No","No","Second-Hand Dwelling house /Apartment",""
"19/06/2015","20 LARAGH CLOSE, THE DINAHIES, DONAGHMEDE DUBLIN 13","Dublin 13","Dublin","€204,998.00","No","No","Second-Hand Dwelling house /Apartment",""
"19/06/2015","20 LOWER GRAND CANAL ST, DUBLIN 2, DUBLIN","Dublin 2","Dublin","€625,000.00","No","No","Second-Hand Dwelling house /Apartment",""
"19/06/2015","20 THE DRIVE, CYPRESS DOWNS, TEMPLEOGUE","Dublin 16","Dublin","€750,000.00","No","No","Second-Hand Dwelling house /Apartment",""
"19/06/2015","21 CASTLEFIELD WOODS, CLONSILLA, DUBLIN 15","Dublin 15","Dublin","€391,000.00","No","No","Second-Hand Dwelling house /Apartment",""
"19/06/2015","22 Park Avenue, Clongriffin, Dublin 13","","Dublin","€251,101.00","No","Yes","New Dwelling house /Apartment","greater than or equal to 38 sq metres and less than 125 sq metres"
"19/06/2015","22 ST COLUMCILLES DR, SWORDS, DUBLIN","","Dublin","€233,846.00","No","No","Second-Hand Dwelling house /Apartment",""
"19/06/2015","23 CHERRY LODGE, FARMLEIGH WOODS, CASTLEKNOCK","","Dublin","€360,000.00","No","No","Second-Hand Dwelling house /Apartment",""
"19/06/2015","24 LUTTRELLSTOWN HEATH, CASTLEKNOCK, DUBLIN 15","Dublin 15","Dublin","€667,000.00","No","No","Second-Hand Dwelling house /Apartment",""
"19/06/2015","256 LARAGHCON, LUCAN, DUBLIN","","Dublin","€650,000.00","No","No","Second-Hand Dwelling house /Apartment",""
"19/06/2015","26 The Park, Larch Hill, Santry","Dublin 9","Dublin","€160,000.00","No","No","Second-Hand Dwelling house /Apartment",""
"19/06/2015","27 GLENCAIRN RD, THE GALLOPS, LEOPARDSTOWN DUBLIN 18","Dublin 18","Dublin","€685,000.00","No","No","Second-Hand Dwelling house /Apartment",""
"19/06/2015","28 NEWBRIDGE AVE, SANDYMOUNT, DUBLIN 4","Dublin 4","Dublin","€1,160,700.00","No","No","Second-Hand Dwelling house /Apartment",""
"19/06/2015","28 ORLAGH DOWNS, ORLAGH GROVE, KNOCKLYON DUBLIN 16","Dublin 16","Dublin","€485,000.00","No","No","Second-Hand Dwelling house /Apartment",""
"19/06/2015","2A ALBERT COLLEGE CRESCENT, BALLYMUN, DUBLIN 9","","Dublin","€272,500.00","No","No","Second-Hand Dwelling house /Apartment",""
"19/06/2015","3 ALLENDALE VIEW, CLONSILLA, DUBLIN 15","Dublin 15","Dublin","€242,000.00","No","No","Second-Hand Dwelling house /Apartment",""
"19/06/2015","3 CEDARHURST GREEN, CEDARHURST RD, PHOENIX PARK RACECOURSE","Dublin 15","Dublin","€350,000.00","No","No","Second-Hand Dwelling house /Apartment",""
"19/06/2015","3 CORNELSCOURT COTTAGES, BRAY RD, CORNELSCOURT DUBLIN 18","Dublin 18","Dublin","€294,000.00","No","No","Second-Hand Dwelling house /Apartment",""
"19/06/2015","3 GLENCAIRN LAWN, THE GALLOPS, LEOPARDSTOWN DUBLIN 18","Dublin 18","Dublin","€410,000.00","No","No","Second-Hand Dwelling house /Apartment",""
"19/06/2015","3 Waterfall Court, 145/147 Richmond Road","Dublin 3","Dublin","€163,333.00","No","No","Second-Hand Dwelling house /Apartment",""
"19/06/2015","3 WOODVILLE WALK, LUCAN, DUBLIN","","Dublin","€340,000.00","No","No","Second-Hand Dwelling house /Apartment",""
"19/06/2015","33 MELVILLE TERRACE, CITYSIDE, MEAKSTOWN DUBLIN 11","Dublin 11","Dublin","€250,000.00","No","No","Second-Hand Dwelling house /Apartment",""
"19/06/2015","34 GLENCARRAIG, SUTTON, DUBLIN 13","Dublin 13","Dublin","€720,000.00","No","No","Second-Hand Dwelling house /Apartment",""
"19/06/2015","34 GREEN VIEW, SEABROOK MANOR, STATION RD","Dublin 13","Dublin","€255,000.00","No","No","Second-Hand Dwelling house /Apartment",""
"19/06/2015","35 SEAVIEW WOOD, SHANKILL, DUBLIN","Dublin 18","Dublin","€480,000.00","No","No","Second-Hand Dwelling house /Apartment",""
"19/06/2015","35 THE TURNPIKE, SANTRY CROSS, BALLYMUN DUBLIN 11","Dublin 11","Dublin","€110,000.00","No","No","Second-Hand Dwelling house /Apartment",""
"19/06/2015","36 SEABURY GREEN, MALAHIDE, DUBLIN","","Dublin","€410,000.00","No","No","Second-Hand Dwelling house /Apartment",""
"19/06/2015","37 MONASTERY RISE, CLONDALKIN, DUBLIN 22","Dublin 22","Dublin","€360,000.00","No","No","Second-Hand Dwelling house /Apartment",""
"19/06/2015","38 Heathfield Way, Cappagh Road, FINGLAS DUBLIN 11","Dublin 11","Dublin","€149,737.00","No","Yes","New Dwelling house /Apartment","greater than or equal to 38 sq metres and less than 125 sq metres"
"19/06/2015","39 ST CANICES SQ, CHURCH ST, FINGLAS DUBLIN 11","Dublin 11","Dublin","€48,624.55","Yes","No","Second-Hand Dwelling house /Apartment",""
"19/06/2015","4 CHAPEL LANE, SWORDS, DUBLIN","","Dublin","€190,000.00","No","No","Second-Hand Dwelling house /Apartment",""
"19/06/2015","4 MONKSFIELD MEWS, NEWTOWNPARK AVE, BLACKROCK","","Dublin","€264,000.00","No","No","Second-Hand Dwelling house /Apartment",""
"19/06/2015","4 THOMASTOWN RD, KILLINEY, DUBLIN","","Dublin","€475,000.00","No","No","Second-Hand Dwelling house /Apartment",""
"19/06/2015","4 Waterfall Court, 145/147 Richmond Road","Dublin 3","Dublin","€163,333.00","No","No","Second-Hand Dwelling house /Apartment",""
"19/06/2015","4 Wellfield, Upper Churchtown Road, Dublin 14","Dublin 14","Dublin","€700,440.00","No","Yes","New Dwelling house /Apartment","greater than 125 sq metres"
"19/06/2015","40 BREMORE PASTURES WAY, BALBRIGGAN, DUBLIN","","Dublin","€88,105.00","No","No","Second-Hand Dwelling house /Apartment",""
"19/06/2015","40 KINGS HALL, CHAPELIZOD, DUBLIN 20","Dublin 20","Dublin","€221,000.00","No","No","Second-Hand Dwelling house /Apartment",""
"19/06/2015","44 RIBH AVE, ARTANE, DUBLIN 5","Dublin 5","Dublin","€220,000.00","No","No","Second-Hand Dwelling house /Apartment",""
"19/06/2015","45 ROSSE COURT HEIGHTS, LUCAN, CO DUBLIN","","Dublin","€125,000.00","No","No","Second-Hand Dwelling house /Apartment",""
"19/06/2015","49 Cremorne, Terenure, Dublin 6","Dublin 6","Dublin","€225,000.00","No","No","Second-Hand Dwelling house /Apartment",""
"19/06/2015","5 Cypress Drive, Templeogue, Dublin 6","","Dublin","€665,000.00","No","No","Second-Hand Dwelling house /Apartment",""
"19/06/2015","5 Mayfield, Zion Road, Rathgar","Dublin 6","Dublin","€1,400,000.00","No","No","Second-Hand Dwelling house /Apartment",""
"19/06/2015","5 THE HOLLOWS, NEWCASTLE RD, LUCAN","","Dublin","€155,000.00","No","No","Second-Hand Dwelling house /Apartment",""
"19/06/2015","5 Waterfall court, 145/147 Richmond Road","Dublin 3","Dublin","€163,333.00","No","No","Second-Hand Dwelling house /Apartment",""
"19/06/2015","50 CLANCY RD, FINGLAS EAST, DUBLIN 11","Dublin 11","Dublin","€275,500.00","No","No","Second-Hand Dwelling house /Apartment",""
"19/06/2015","54A ASHFIELD GREEN, HUNTSTOWN, MULHUDDARD","","Dublin","€200,000.00","No","No","Second-Hand Dwelling house /Apartment",""
"19/06/2015","55 Brandon Square, Waterville, Blanchardstown","Dublin 15","Dublin","€296,916.29","No","Yes","New Dwelling house /Apartment","greater than or equal to 38 sq metres and less than 125 sq metres"
"19/06/2015","58 SMYTHS GARDENS, DUNLAOGHAIRE, CO DUBLIN","","Dublin","€275,000.00","No","No","Second-Hand Dwelling house /Apartment",""
"19/06/2015","6 BROADFORD CLOSE, BALLINTEER, DUBLIN 16","Dublin 16","Dublin","€421,000.00","No","No","Second-Hand Dwelling house /Apartment",""
"19/06/2015","6 Waterfall Court, 145/147","Dublin 3","Dublin","€163,333.00","No","No","Second-Hand Dwelling house /Apartment",""
"19/06/2015","6 WOODFORD, BREWERY RD, LEOPARDSTOWN","","Dublin","€580,000.00","No","No","Second-Hand Dwelling house /Apartment",""
"19/06/2015","62 THE FAIRWAYS, SEABROOK MANOR, STATION RD","Dublin 13","Dublin","€264,000.00","No","No","Second-Hand Dwelling house /Apartment",""
"19/06/2015","63 ADDISON DR, ADDISON PARK, GLASNEVIN DUBLIN 11","Dublin 11","Dublin","€420,000.00","No","No","Second-Hand Dwelling house /Apartment",""
"19/06/2015","63 Brandon Square, Waterville, Snugborough Raod  Blanchardstown","Dublin 15","Dublin","€317,180.61","No","Yes","New Dwelling house /Apartment","greater than or equal to 38 sq metres and less than 125 sq metres"
"19/06/2015","63 ST SAMSONS SQ, BALGRIFFIN, DUBLIN 13","Dublin 13","Dublin","€107,500.00","Yes","No","Second-Hand Dwelling house /Apartment",""
"19/06/2015","7 MONTPELIER COURT, MONTPELIER HILL, DUBLIN 7","Dublin 7","Dublin","€413,000.00","No","No","Second-Hand Dwelling house /Apartment",""
"19/06/2015","7 MOUNT EAGLE COURT, LEOPARDSTOWN, DUBLIN 18","Dublin 18","Dublin","€451,000.00","No","No","Second-Hand Dwelling house /Apartment",""
"19/06/2015","7 Waterfall Court, 145/147 Richmond Road","Dublin 3","Dublin","€163,333.00","No","No","Second-Hand Dwelling house /Apartment",""
"19/06/2015","70 KNOCKNAREA AVE, DRIMNAGH, DUBLIN 12","Dublin 12","Dublin","€233,500.00","No","No","Second-Hand Dwelling house /Apartment",""
"19/06/2015","72 CASTLEMILL, HAMLET LANE, BALBRIGGAN","","Dublin","€99,500.00","No","No","Second-Hand Dwelling house /Apartment",""
"19/06/2015","8 Airpark Rise, Stocking Lane, Rathfarnham","Dublin 16","Dublin","€389,000.00","No","No","Second-Hand Dwelling house /Apartment",""
"19/06/2015","8 CEOL NA MARA, LOWER MAIN ST, RUSH","","Dublin","€178,000.00","No","No","Second-Hand Dwelling house /Apartment",""
"19/06/2015","8 CHAPEL LANE, SWORDS, DUBLIN","","Dublin","€190,000.00","No","No","Second-Hand Dwelling house /Apartment",""
"19/06/2015","8 HEATHFIELD GROVE, CAPPAGH ROAD, FINGLAS","Dublin 11","Dublin","€176,167.39","No","Yes","New Dwelling house /Apartment","greater than 125 sq metres"
"19/06/2015","8 REDWOOD AVE, KILNAMANAGH, TALLAGHT DUBLIN 24","Dublin 24","Dublin","€245,000.00","No","No","Second-Hand Dwelling house /Apartment",""
"19/06/2015","8 Waterfall Court, 145-147 Richmond Avenue","Dublin 3","Dublin","€163,333.00","No","No","Second-Hand Dwelling house /Apartment",""
"19/06/2015","84 BULFIN RD, KILMAINHAM, DUBLIN 8","Dublin 8","Dublin","€290,000.00","No","No","Second-Hand Dwelling house /Apartment",""
"19/06/2015","87 GRIFFITH AVE, DRUMCONDRA, DUBLIN 9","Dublin 9","Dublin","€700,000.00","No","No","Second-Hand Dwelling house /Apartment",""
"19/06/2015","9 Waterfall Court, 145/147 Richmond Avenue","Dublin 3","Dublin","€163,333.00","No","No","Second-Hand Dwelling house /Apartment",""
"19/06/2015","90 BOROIMHE BEECH, SWORDS, DUBLIN","","Dublin","€223,000.00","No","No","Second-Hand Dwelling house /Apartment",""
"19/06/2015","92 BEECH HILL DR, DONNYBROOK, DUBLIN 4","Dublin 4","Dublin","€439,000.00","No","No","Second-Hand Dwelling house /Apartment",""
"19/06/2015","96 FITZROY AVE, DUBLIN 3, DUBLIN","Dublin 3","Dublin","€358,000.00","No","No","Second-Hand Dwelling house /Apartment",""
"19/06/2015","APARTMENT 15, HOLLYBROOK MANOR, CLONTARF","","Dublin","€170,120.15","No","No","Second-Hand Dwelling house /Apartment",""
"19/06/2015","APT 107 BLOCK B HAMPTON LODGE, GRACE PARK RD, DRUMCONDRA DUBLIN 9","Dublin 9","Dublin","€265,000.00","No","No","Second-Hand Dwelling house /Apartment",""
"19/06/2015","APT 23 STEWART HALL, PARNELL ST, DUBLIN 1","Dublin 1","Dublin","€205,000.00","No","No","Second-Hand Dwelling house /Apartment",""
"19/06/2015","APT 3, FRANCIS COURT, MARKS ALLEY WEST","","Dublin","€125,000.00","No","No","Second-Hand Dwelling house /Apartment",""
"19/06/2015","APT 3, HOLLYBROOK CRT HOLLY, BROOK RD CLONTARF DUBLIN 3","Dublin 15","Dublin","€158,000.00","No","No","Second-Hand Dwelling house /Apartment",""
"19/06/2015","APT 4, FRANCIS COURT, MARKS ALLEY WEST","","Dublin","€125,000.00","No","No","Second-Hand Dwelling house /Apartment",""
"19/06/2015","APT 7, FRANCIS COURT, MARKS ALLEY WEST","","Dublin","€125,000.00","No","No","Second-Hand Dwelling house /Apartment",""
"19/06/2015","APT 9, FRANCIS COURT, MARKS ALLEY WEST","","Dublin","€125,000.00","No","No","Second-Hand Dwelling house /Apartment",""
"19/06/2015","IB Percy Lane, Ballsbridge, Dublin 4","Dublin 4","Dublin","€1,057,268.73","No","Yes","New Dwelling house /Apartment","greater than 125 sq metres"
"19/06/2015","NO. 377, SOUTH CIRCULAR ROAD, DUBLIN 8","","Dublin","€335,000.00","No","No","Second-Hand Dwelling house /Apartment",""
"19/06/2015","Whitewood Cottage, Torquay Road, Foxrock","Dublin 18","Dublin","€1,100,501.00","No","No","New Dwelling house /Apartment","greater than 125 sq metres"
"20/06/2015","Apt 15 Findlater, St. Lawrence, Howth","Dublin 13","Dublin","€255,000.00","No","No","Second-Hand Dwelling house /Apartment",""
"21/06/2015","144 CARRSMILL, PORTRANE RD, DONABATE","","Dublin","€410,000.00","No","No","Second-Hand Dwelling house /Apartment",""
"22/06/2015","10 HUNTERS PLACE, HUNTERSWOOD, BALLYCULLEN DUBLIN 24","Dublin 24","Dublin","€290,000.00","No","No","Second-Hand Dwelling house /Apartment",""
"22/06/2015","105 O HOGAN RD, BALLYFERMOT, DUBLIN 10","Dublin 10","Dublin","€155,000.00","No","No","Second-Hand Dwelling house /Apartment",""
"22/06/2015","107 CHURCH RD, EAST WALL, DUBLIN 3","Dublin 3","Dublin","€137,500.00","No","No","Second-Hand Dwelling house /Apartment",""
"22/06/2015","108 TEMPLEOGUE WOOD, DUBLIN 6W, DUBLIN","","Dublin","€596,000.00","No","No","Second-Hand Dwelling house /Apartment",""
"22/06/2015","112 BLOOMFIELD PARK, BLOOMFIELD AVE, DONNYBROOK DUBLIN 4","Dublin 4","Dublin","€565,000.00","No","No","Second-Hand Dwelling house /Apartment",""
"22/06/2015","115 Clonard Road, Crumlin","Dublin 12","Dublin","€230,000.00","No","No","Second-Hand Dwelling house /Apartment",""
"22/06/2015","12 WOODALE GROVE, BALLYCULLEN, DUBLIN 16","Dublin 24","Dublin","€387,000.00","No","No","Second-Hand Dwelling house /Apartment",""
"22/06/2015","13 Obelisk Rise, Blackrock","","Dublin","€425,505.00","No","No","Second-Hand Dwelling house /Apartment",""
"22/06/2015","13 the close, county dublin","","Dublin","€310,000.00","No","Yes","New Dwelling house /Apartment","greater than or equal to 38 sq metres and less than 125 sq metres"
"22/06/2015","15 HEATHERVIEW LAWN, AYLESBURY, TALLAGHT","Dublin 24","Dublin","€165,000.00","No","No","Second-Hand Dwelling house /Apartment",""
"22/06/2015","17 LYONS ST, NEWCASTLE, CO DUBLIN","Dublin 22","Dublin","€205,000.00","No","No","Second-Hand Dwelling house /Apartment",""
"22/06/2015","18 SHREWSBURY LAWN, CABINTEELY, DUBLIN 18","Dublin 18","Dublin","€655,000.00","No","No","Second-Hand Dwelling house /Apartment",""
"22/06/2015","22 Dermot Street, Clongriffin","Dublin 13","Dublin","€275,000.00","No","Yes","New Dwelling house /Apartment","greater than or equal to 38 sq metres and less than 125 sq metres"
"22/06/2015","230 Upper Glenageary Road, Glenageary","","Dublin","€685,000.00","No","No","Second-Hand Dwelling house /Apartment",""
"22/06/2015","3 NORTHUMBERLAND PLACE, DUN LAOGHAIRE, DUBLIN","","Dublin","€427,500.00","No","No","Second-Hand Dwelling house /Apartment",""
"22/06/2015","31 CHURCHVIEW PARK, KILLINEY, CO DUBLIN","","Dublin","€575,000.00","No","No","Second-Hand Dwelling house /Apartment",""
"22/06/2015","35 GLENCAIRN DR, LEOPARDSTOWN, DUBLIN","Dublin 18","Dublin","€470,000.00","No","No","Second-Hand Dwelling house /Apartment",""
"22/06/2015","36 Sandyford View, Simonsridge, Sandyford","Dublin 16","Dublin","€290,000.00","No","No","Second-Hand Dwelling house /Apartment",""
"22/06/2015","37 Whately Place, Upr. Kilmacud Road","","Dublin","€400,000.00","No","No","Second-Hand Dwelling house /Apartment",""
"22/06/2015","38  Hermitage Grove, Rathfarnham, Dublin 16","Dublin 16","Dublin","€390,000.00","Yes","No","Second-Hand Dwelling house /Apartment",""
"22/06/2015","45 KIMMAGE RD WEST, DUBLIN 12, DUBLIN","Dublin 12","Dublin","€570,000.00","No","No","Second-Hand Dwelling house /Apartment",""
"22/06/2015","47 DUN SIATHNE CRESCENT, FLEMINGTON LANE, BALBRIGGAN","","Dublin","€165,000.00","No","No","Second-Hand Dwelling house /Apartment",""
"22/06/2015","47 PARKLANDS, RATHFARNHAM, DUBLIN","Dublin 14","Dublin","€295,000.00","No","No","Second-Hand Dwelling house /Apartment",""
"22/06/2015","5 MOUNT HAROLD TERRACE, LEINSTER RD, RATHMINES DUBLIN 6","Dublin 6","Dublin","€925,000.00","No","No","Second-Hand Dwelling house /Apartment",""
"22/06/2015","5 The Garganey, Barnageeragh Cove, Skerries","","Dublin","€295,154.00","No","Yes","New Dwelling house /Apartment","greater than or equal to 38 sq metres and less than 125 sq metres"
"22/06/2015","6 SWIFTBROOK DR, TALLAGHT, DUBLIN 24","Dublin 24","Dublin","€137,000.00","No","No","Second-Hand Dwelling house /Apartment",""
"22/06/2015","62 DRIMNAGH RD, DRIMNAGH, DUBLIN 12","Dublin 12","Dublin","€250,000.00","No","No","Second-Hand Dwelling house /Apartment",""
"22/06/2015","62A BRIARFIELD RD, KILBARRACK, DUBLIN 5","Dublin 5","Dublin","€272,000.00","No","No","Second-Hand Dwelling house /Apartment",""
"22/06/2015","72 RATHMINES TOWN CENTRE, RATHMINES, DUBLIN 6","Dublin 6","Dublin","€240,000.00","No","No","Second-Hand Dwelling house /Apartment",""
"22/06/2015","8 WILFORD COURT, CORKE ABBEY AVE, BRAY","","Dublin","€234,000.00","No","No","Second-Hand Dwelling house /Apartment",""
"22/06/2015","9 All Saints Park, Raheny","Dublin 5","Dublin","€360,000.00","No","No","Second-Hand Dwelling house /Apartment",""
"22/06/2015","91 Villa Park Gardens, Navan Road","Dublin 7","Dublin","€375,000.00","No","No","Second-Hand Dwelling house /Apartment",""
"22/06/2015","Apartment 30, Waterside Lawn, Waterside  Swords Road","","Dublin","€160,025.00","No","Yes","New Dwelling house /Apartment","greater than or equal to 38 sq metres and less than 125 sq metres"
"22/06/2015","APT 17 18 21 MOUNT ST LOWER, MOUNT ST, DUBLIN 2","Dublin 2","Dublin","€45,000.00","No","No","Second-Hand Dwelling house /Apartment",""
"22/06/2015","APT 18, THE CRESCENT, THE PLAZA","Dublin 15","Dublin","€182,000.00","No","No","Second-Hand Dwelling house /Apartment",""
"22/06/2015","APT 249, FAIRBAIRN HOUSE, BELLEVUE DUBLIN 8","Dublin 8","Dublin","€222,005.00","No","No","Second-Hand Dwelling house /Apartment",""
"22/06/2015","APT 36 THE GREEN, LARCHILL OSCAR TRAYNOR RD, DUBLIN 17","Dublin 17","Dublin","€180,000.00","No","No","Second-Hand Dwelling house /Apartment",""
"22/06/2015","APT 47 SEAMOUNT, STILLORGAN ROAD, BLACKROCK","","Dublin","€220,000.00","No","No","Second-Hand Dwelling house /Apartment",""
"22/06/2015","APT1 45, EAST ARRAN ST, DUBLIN 7","","Dublin","€220,000.00","No","No","Second-Hand Dwelling house /Apartment",""
"22/06/2015","FIRST FLOOR, MILITARY RD, BALLYBRACK","","Dublin","€107,800.00","No","No","Second-Hand Dwelling house /Apartment",""
"23/06/2015","1 ashe grove, knocksedan, swords","","Dublin","€308,370.00","No","Yes","New Dwelling house /Apartment","greater than 125 sq metres"
"23/06/2015","1 ELTON COURT, SANDYCOVE, DUBLIN","","Dublin","€700,000.00","No","No","Second-Hand Dwelling house /Apartment",""
"23/06/2015","1 HAMPSTEAD PARK, THE RISE, GLASNEVIN DUBLIN 9","Dublin 9","Dublin","€635,000.00","No","No","Second-Hand Dwelling house /Apartment",""
"23/06/2015","1 MOUNTTOWN VILLA, MOUNTTOWN RD LOWER, DUN LAOIGHRE","","Dublin","€266,500.00","No","No","Second-Hand Dwelling house /Apartment",""
"23/06/2015","1 SHANCASTLE DR, QUARRYVALE, CLONDALKIN DUBLIN 22","Dublin 22","Dublin","€145,000.00","No","No","Second-Hand Dwelling house /Apartment",""
"23/06/2015","11 Glen Vale, Lucan","","Dublin","€258,000.00","No","No","Second-Hand Dwelling house /Apartment",""
"23/06/2015","112 CARRIGWOOD, BALLYCULLEN DR, FIRHOUSE DUBLIN 24","Dublin 24","Dublin","€355,000.00","No","No","Second-Hand Dwelling house /Apartment",""
"23/06/2015","12 CARBERRY RD, DUBLIN 9, DUBLIN","Dublin 9","Dublin","€385,000.00","No","No","Second-Hand Dwelling house /Apartment",""
"23/06/2015","124 THE JESSOP, CHARLOTTE QUAY DOCK, RINGSEND RD DUBLIN 4","Dublin 4","Dublin","€315,000.00","No","No","Second-Hand Dwelling house /Apartment",""
"23/06/2015","13 ASHPARK AVE, LUCAN, DUBLIN","","Dublin","€142,000.00","No","No","Second-Hand Dwelling house /Apartment",""
"23/06/2015","14 COLLEGE MANOR, DRUMCONDRA, DUBLIN 9","Dublin 9","Dublin","€167,500.00","Yes","No","Second-Hand Dwelling house /Apartment",""
"23/06/2015","14 Stocking Well Close, Stocking Avenue, Rathfarnham","Dublin 16","Dublin","€229,074.00","No","Yes","New Dwelling house /Apartment","greater than or equal to 38 sq metres and less than 125 sq metres"
"23/06/2015","146 MCKEE AVE, FINGLAS, DUBLIN","Dublin 11","Dublin","€240,000.00","No","No","Second-Hand Dwelling house /Apartment",""
"23/06/2015","155A FOXROCK PARK, FOXROCK, DUBLIN 15","Dublin 18","Dublin","€430,000.00","No","No","Second-Hand Dwelling house /Apartment",""
"23/06/2015","16 WESTON DRIVE, WESTON PARK, LUCAN","","Dublin","€405,000.00","No","No","Second-Hand Dwelling house /Apartment",""
"23/06/2015","168 LANSDOWNE PARK, DUBLIN 4, DUBLIN","Dublin 4","Dublin","€695,000.00","No","No","Second-Hand Dwelling house /Apartment",""
"23/06/2015","17 IVAR ST, STONEYBATTER, DUBLIN 7","Dublin 7","Dublin","€240,000.00","No","No","Second-Hand Dwelling house /Apartment",""
"23/06/2015","18 NORTH SUMMER ST, DUBLIN 1, DUBLIN","Dublin 1","Dublin","€470,000.00","No","No","Second-Hand Dwelling house /Apartment",""
"23/06/2015","2 LIFFEY GLEN, LUCAN, DUBLIN","","Dublin","€170,000.00","No","No","Second-Hand Dwelling house /Apartment",""
"23/06/2015","2 ROSSE COURT RISES LUCAN, DUBLIN","","Dublin","€146,000.00","No","No","Second-Hand Dwelling house /Apartment",""
"23/06/2015","21 Ashe Grove, Knocksedan Demesne, Swords","","Dublin","€360,000.00","No","Yes","New Dwelling house /Apartment","greater than or equal to 38 sq metres and less than 125 sq metres"
"23/06/2015","23 CEDAR BROOK AVE, CHERRY ORCHARD, DUBLIN 10","Dublin 10","Dublin","€137,000.00","No","No","Second-Hand Dwelling house /Apartment",""
"23/06/2015","241 LOWER KIMMAGE RD, DUBLIN 6W, DUBLIN","","Dublin","€377,000.00","No","No","Second-Hand Dwelling house /Apartment",""
"23/06/2015","27 KINGSTON GROVE, BALLINTEER, DUBLIN 16","Dublin 16","Dublin","€390,000.00","No","No","Second-Hand Dwelling house /Apartment",""
"23/06/2015","28 BUTTERFIELD CRESCENT, RATHFARNHAM, DUBLIN 14","Dublin 14","Dublin","€940,000.00","No","No","Second-Hand Dwelling house /Apartment",""
"23/06/2015","28 DAL RIADA, PORTMARNOCK, DUBLIN","Dublin 13","Dublin","€710,000.00","No","No","Second-Hand Dwelling house /Apartment",""
"23/06/2015","28 MOURNE VIEW, SKERRIES, DUBLIN","","Dublin","€160,000.00","Yes","No","Second-Hand Dwelling house /Apartment",""
"23/06/2015","3 CARPENTERSTOWN MANOR, CASTLEKNOCK, DUBLIN 15","Dublin 15","Dublin","€688,500.00","No","No","Second-Hand Dwelling house /Apartment",""
"23/06/2015","3 KELSTON HALL, LEOPARDSTOWN RD, FOXROCK","Dublin 18","Dublin","€380,000.00","No","No","Second-Hand Dwelling house /Apartment",""
"23/06/2015","320 Charlemont, Griffith Avenue, Dublin 9","Dublin 9","Dublin","€370,000.00","No","No","Second-Hand Dwelling house /Apartment",""
"23/06/2015","35 BEECHWOOD PK, DUN LAOGHAIRE, DUBLIN","","Dublin","€630,000.00","No","No","Second-Hand Dwelling house /Apartment",""
"23/06/2015","42 DORIS ST, RINGSEND, DUBLIN 4","Dublin 4","Dublin","€345,000.00","No","No","Second-Hand Dwelling house /Apartment",""
"23/06/2015","42 KILMAINHAM BANK, EMMET RD, INCHICORE DUBLIN 8","Dublin 8","Dublin","€146,000.00","No","No","Second-Hand Dwelling house /Apartment",""
"23/06/2015","43 WHATELY PLACE, UPPER KILMACUD RD, STILLORGAN","","Dublin","€386,000.00","No","No","Second-Hand Dwelling house /Apartment",""
"23/06/2015","44 CLIPPER VIEW, LIFFEY ST WEST, DUBLIN 7","Dublin 7","Dublin","€90,000.00","No","No","Second-Hand Dwelling house /Apartment",""
"23/06/2015","49 THE ANCHORAGE, CROFTON RD, DUN LAOGHAIRE","","Dublin","€420,000.00","No","No","Second-Hand Dwelling house /Apartment",""
"23/06/2015","5 WHEATFIELD RD, PORTMARNOCK, DUBLIN","Dublin 13","Dublin","€542,000.00","No","No","Second-Hand Dwelling house /Apartment",""
"23/06/2015","52 EUGENE ST, CORK ST, DUBLIN 8","Dublin 8","Dublin","€116,000.00","No","No","Second-Hand Dwelling house /Apartment",""
"23/06/2015","56 RATHMINES RD UPPER, RATHMINES, DUBLIN 6","Dublin 6","Dublin","€1,050,000.00","No","No","Second-Hand Dwelling house /Apartment",""
"23/06/2015","63 HILLCREST HEIGHTS, LUCAN, DUBLIN","","Dublin","€265,000.00","No","No","Second-Hand Dwelling house /Apartment",""
"23/06/2015","64 PEMBROKE COTTAGES, DONNYBROOK, DUBLIN 4","Dublin 4","Dublin","€550,000.00","No","No","Second-Hand Dwelling house /Apartment",""
"23/06/2015","72 RAPHOE ROAD, CRUMLIN, DUBLIN 12","","Dublin","€230,000.00","No","No","Second-Hand Dwelling house /Apartment",""
"23/06/2015","78 College Square, Wainsfort Manor Drive, Terenure","Dublin 6w","Dublin","€555,066.00","No","Yes","New Dwelling house /Apartment","greater than or equal to 38 sq metres and less than 125 sq metres"
"23/06/2015","84 BALLINTYRE SQ, BALLINTEER, DUBLIN 16","Dublin 16","Dublin","€325,000.00","No","No","Second-Hand Dwelling house /Apartment",""
"23/06/2015","84 LANDEN RD, BALLYFERMOT, DUBLIN 10","Dublin 10","Dublin","€165,000.00","No","No","Second-Hand Dwelling house /Apartment",""
"23/06/2015","85 BELFIELD PARK, STILLORGAN RD, STILLORGAN","","Dublin","€300,000.00","No","No","Second-Hand Dwelling house /Apartment",""
"23/06/2015","9 CASTLE TERRACE COURT, ST MARGARETS AVE, MALAHIDE","","Dublin","€260,000.00","No","No","Second-Hand Dwelling house /Apartment",""
"23/06/2015","9 FRANKFORT PARK, DUNDRUM, DUBLIN 14","Dublin 14","Dublin","€785,000.00","No","No","Second-Hand Dwelling house /Apartment",""
"24/06/2015","1  Carnew Street, Stoneybatter, Dublin 7","Dublin 7","Dublin","€135,000.00","Yes","No","Second-Hand Dwelling house /Apartment",""
"24/06/2015","1 FERNWOOD PK, TALLAGHT, DUBLIN 24","Dublin 24","Dublin","€150,000.00","No","No","Second-Hand Dwelling house /Apartment",""
"24/06/2015","100 Temple Court, Santry","Dublin 9","Dublin","€153,648.64","No","No","Second-Hand Dwelling house /Apartment",""
"24/06/2015","101 Temple Court, Santry","Dublin 9","Dublin","€153,648.64","No","No","Second-Hand Dwelling house /Apartment",""
"24/06/2015","106 Temple Court, Santry","Dublin 9","Dublin","€153,648.64","No","No","Second-Hand Dwelling house /Apartment",""
"24/06/2015","11 ABBEY PARK, GRANGE RD, BALDOYLE","Dublin 13","Dublin","€325,000.00","No","No","Second-Hand Dwelling house /Apartment",""
"24/06/2015","114 Temple Court, Santry, Dublin 9","Dublin 9","Dublin","€143,405.41","No","No","Second-Hand Dwelling house /Apartment",""
"24/06/2015","115 Temple Court, Santry","Dublin 9","Dublin","€153,648.64","No","No","Second-Hand Dwelling house /Apartment",""
"24/06/2015","118 WINTERGARDEN, PEARSE ST, DUBLIN 2","Dublin 2","Dublin","€187,000.00","No","No","Second-Hand Dwelling house /Apartment",""
"24/06/2015","12 LANESBOROUGH RD, ST MARGARETS RD, FINGLAS DUBLIN 11","Dublin 11","Dublin","€232,000.00","No","No","Second-Hand Dwelling house /Apartment",""
"24/06/2015","13 KELLYS BAY WEIR, SKERRIES, DUBLIN","","Dublin","€380,000.00","No","No","Second-Hand Dwelling house /Apartment",""
"24/06/2015","13A CLONARD AVE, DUNDRUM, DUBLIN 16","Dublin 16","Dublin","€560,000.00","No","No","Second-Hand Dwelling house /Apartment",""
"24/06/2015","14C METROPOLITAN APTS, KILMAINHAM, DUBLIN 8","Dublin 8","Dublin","€240,000.00","No","No","Second-Hand Dwelling house /Apartment",""
"24/06/2015","151 GRANGE ABBEY CRESCENT, BALDOLYE, DUBLIN 13","Dublin 13","Dublin","€260,000.00","No","No","Second-Hand Dwelling house /Apartment",""
"24/06/2015","17 Finnswood, Finnstown Cloisters, Lucan","","Dublin","€280,000.00","No","No","Second-Hand Dwelling house /Apartment",""
"24/06/2015","19 Ashbrook Apartments, Navan Road, Ashtown","Dublin 15","Dublin","€200,000.00","No","No","Second-Hand Dwelling house /Apartment",""
"24/06/2015","20 FOREST WAY, RIVERVALLEY, SWORDS","","Dublin","€226,500.00","No","No","Second-Hand Dwelling house /Apartment",""
"24/06/2015","24 The Orchard, Woodfarm Acres, Palmerstown","Dublin 20","Dublin","€290,000.00","No","No","Second-Hand Dwelling house /Apartment",""
"24/06/2015","264 WYCKHAM POINT, DUNDRUM, DUBLIN 16","Dublin 14","Dublin","€365,000.00","No","No","Second-Hand Dwelling house /Apartment",""
"24/06/2015","27 THE GALLOPS, MOORETOWN, SWORDS","","Dublin","€228,500.00","No","No","Second-Hand Dwelling house /Apartment",""
"24/06/2015","294 PARKLANDS, NORTHWOOD, SANTRY","","Dublin","€141,000.00","No","No","Second-Hand Dwelling house /Apartment",""
"24/06/2015","2A NEWBURY PARK, CLONSHAUGH, DUBLIN 17","Dublin 17","Dublin","€255,000.00","No","No","Second-Hand Dwelling house /Apartment",""
"24/06/2015","3 EANAVILLE ROAD, DUBLIN 3","","Dublin","€150,000.00","Yes","No","Second-Hand Dwelling house /Apartment",""
"24/06/2015","30 Dermot Street, Clongriffin","Dublin 13","Dublin","€242,290.75","No","Yes","New Dwelling house /Apartment","greater than or equal to 38 sq metres and less than 125 sq metres"
"24/06/2015","30 WYCKHAM PLACE, WYCKHAM BYPASS, DUNDRUM DUBLIN 16","Dublin 16","Dublin","€332,000.00","No","No","Second-Hand Dwelling house /Apartment",""
"24/06/2015","32  Boyd Avenue, Honeypark, Dun Laoghaire","","Dublin","€566,583.00","No","Yes","New Dwelling house /Apartment","greater than or equal to 38 sq metres and less than 125 sq metres"
"24/06/2015","32 GLASTHULE RD, DUN LAOGHAIRE, DUBLIN","","Dublin","€200,000.00","No","No","Second-Hand Dwelling house /Apartment",""
"24/06/2015","36 HEATHFIELD WAY, CAPPAGH ROAD, FINGLAS","Dublin 11","Dublin","€149,735.67","No","Yes","New Dwelling house /Apartment","greater than 125 sq metres"
"24/06/2015","37 ST MAELRUANS, PARK, DUBLIN 24","Dublin 24","Dublin","€215,000.00","No","No","Second-Hand Dwelling house /Apartment",""
"24/06/2015","4 Castlefield Park, Clonsilla, Dublin 15","Dublin 15","Dublin","€350,000.00","No","No","Second-Hand Dwelling house /Apartment",""
"24/06/2015","4 MOUNT CARMEL PARK, FIRHOUSE, DUBLIN","Dublin 24","Dublin","€70,000.00","No","No","Second-Hand Dwelling house /Apartment",""
"24/06/2015","43 SHREWSBURY, DONNYBROOK CASTLE, DONNYBROOK DUBLIN 4","Dublin 4","Dublin","€243,333.32","No","No","Second-Hand Dwelling house /Apartment",""
"24/06/2015","45 ST MAELRUANS PARK, TALLAGHT, DUBLIN 24","Dublin 24","Dublin","€180,000.00","No","No","Second-Hand Dwelling house /Apartment",""
"24/06/2015","45 The Rectory, Enniskerry Road, Stepaside","Dublin 18","Dublin","€230,000.00","No","No","Second-Hand Dwelling house /Apartment",""
"24/06/2015","49 THE ELMS, RIDGEWOOD, SWORDS","","Dublin","€273,127.00","No","Yes","New Dwelling house /Apartment","greater than or equal to 38 sq metres and less than 125 sq metres"
"24/06/2015","5 COACH HOUSE SQ, BALLINYRE HALL, BALLINTEER AVE","Dublin 16","Dublin","€405,000.00","No","No","Second-Hand Dwelling house /Apartment",""
"24/06/2015","5 FFORSTER DR, LUCAN, DUBLIN","","Dublin","€221,000.00","No","No","Second-Hand Dwelling house /Apartment",""
"24/06/2015","50 LEOPARDSTOWN DR, BLACKROCK, DUBLIN","","Dublin","€649,000.00","No","No","Second-Hand Dwelling house /Apartment",""
"24/06/2015","54 PINEWOOD AVE, GLASNEVIN, DUBLIN 11","Dublin 11","Dublin","€435,000.00","No","No","Second-Hand Dwelling house /Apartment",""
"24/06/2015","58 The Elms, Ridgewood, Swords","","Dublin","€277,533.03","No","Yes","New Dwelling house /Apartment","greater than or equal to 38 sq metres and less than 125 sq metres"
"24/06/2015","59 RIALTO COURT, RIALTO, DUBLIN 8","Dublin 8","Dublin","€103,145.42","Yes","No","Second-Hand Dwelling house /Apartment",""
"24/06/2015","59A KINCORA ROAD, CLONTARF, DUBLIN 3","Dublin 3","Dublin","€670,000.00","No","No","Second-Hand Dwelling house /Apartment",""
"24/06/2015","6 ARDEEN, LUCAN, DUBLIN","","Dublin","€273,000.00","No","No","Second-Hand Dwelling house /Apartment",""
"24/06/2015","60 WHATLEY HALL ARCHERSWOOD, CLONEE DUBLIN 15, DUBLIN","Dublin 15","Dublin","€130,000.00","No","No","Second-Hand Dwelling house /Apartment",""
"24/06/2015","64 Park Crecent House, Blackhorde Avenue, Dublin 7","Dublin 7","Dublin","€176,000.00","No","No","Second-Hand Dwelling house /Apartment",""
"24/06/2015","7 SHANLISS ROAD, SANTRY, DUBLIN 9","","Dublin","€100,000.00","No","No","Second-Hand Dwelling house /Apartment",""
"24/06/2015","7 Stocking Well Close, Stocking Avenue, Rathfarnham","Dublin 16","Dublin","€281,938.00","No","Yes","New Dwelling house /Apartment","greater than or equal to 38 sq metres and less than 125 sq metres"
"24/06/2015","82 Inisfallen Parade, Phibsborough, Dublin 7","Dublin 7","Dublin","€252,000.00","Yes","No","Second-Hand Dwelling house /Apartment",""
"24/06/2015","90 Inisfallen Parade, Derrynane Square, Phibsborough","Dublin 7","Dublin","€117,000.00","Yes","No","Second-Hand Dwelling house /Apartment",""
"24/06/2015","96 RATOATH AVE, FINGLAS WEST, DUBLIN 11","Dublin 11","Dublin","€134,000.00","No","No","Second-Hand Dwelling house /Apartment",""
"24/06/2015","APT 11  FOUR SEASONS HOTEL, BALLSBRIDGE, DUBLIN 4","","Dublin","€1,400,000.00","No","No","Second-Hand Dwelling house /Apartment",""
"24/06/2015","APT 11, AVONDALE HALL, 151 152 PARNELL ST DUBLIN 1","Dublin 1","Dublin","€150,000.00","No","No","Second-Hand Dwelling house /Apartment",""
"24/06/2015","Apt 2 Shea's Court, Manor Street, Stoneybatter","Dublin 7","Dublin","€135,000.00","Yes","No","Second-Hand Dwelling house /Apartment",""
"24/06/2015","Apt 22 St Lawrence Building, Harbour Road, Howth","Dublin 13","Dublin","€475,000.00","No","No","Second-Hand Dwelling house /Apartment",""
"24/06/2015","APT 510, TALBOT HALL, TALBOT ST DUBLIN 1","Dublin 1","Dublin","€95,224.38","Yes","No","Second-Hand Dwelling house /Apartment",""
"24/06/2015","APT 63, COURTYARD, TULLYVALE DUBLIN 18","Dublin 18","Dublin","€290,000.00","No","No","Second-Hand Dwelling house /Apartment",""
"24/06/2015","Block B, 28 Slade Castle Court, Saggart","","Dublin","€168,106.00","No","Yes","New Dwelling house /Apartment","greater than or equal to 38 sq metres and less than 125 sq metres"
"24/06/2015","Milverton, Skerries","","Dublin","€770,000.00","No","No","Second-Hand Dwelling house /Apartment",""
"25/06/2015","11 MELVILLE GREEN, JAMESTOWN RD, FINGLAS DUBLIN 11","Dublin 11","Dublin","€233,500.00","No","No","Second-Hand Dwelling house /Apartment",""
"25/06/2015","12 HEYWARDS MEWS, ROGANSTOWN, SWORDS","","Dublin","€300,000.00","No","No","Second-Hand Dwelling house /Apartment",""
"25/06/2015","121 CABRA RD, DUBLIN 7, DUBLIN","Dublin 7","Dublin","€392,500.00","No","No","Second-Hand Dwelling house /Apartment",""
"25/06/2015","14 BREMORE PASTURES CRESCENT, BALBRIGGAN, DUBLIN","","Dublin","€175,000.00","No","No","Second-Hand Dwelling house /Apartment",""
"25/06/2015","14 ORPHEN HILL, STILLORGAN GROVE, STILLORGAN","","Dublin","€445,000.00","No","No","Second-Hand Dwelling house /Apartment",""
"25/06/2015","15 KILLAKEE LAWNS, FIRHOUSE, DUBLIN 24","Dublin 24","Dublin","€270,000.00","No","No","Second-Hand Dwelling house /Apartment",""
"25/06/2015","163 ST JOHNS CRESCENT, CLONDALKIN, DUBLIN 22","Dublin 22","Dublin","€188,000.00","No","No","Second-Hand Dwelling house /Apartment",""
"25/06/2015","166 ASHCROFT, RAHENY, DUBLIN 5","Dublin 5","Dublin","€382,000.00","No","No","Second-Hand Dwelling house /Apartment",""
"25/06/2015","19 DONNYBROOK MANOR, DONNYBROOK, DUBLIN 4","Dublin 4","Dublin","€428,000.00","No","No","Second-Hand Dwelling house /Apartment",""
"25/06/2015","1A ALMA TERRACE, RANELAGH, DUBLIN 6","","Dublin","€640,000.00","No","No","Second-Hand Dwelling house /Apartment",""
"25/06/2015","20 Castleland Park Way, Balbriggan","","Dublin","€198,238.00","No","Yes","New Dwelling house /Apartment","greater than or equal to 38 sq metres and less than 125 sq metres"
"25/06/2015","22 ELM FIELD COURT, CLONDALKIN, DUBLIN 22","Dublin 22","Dublin","€106,000.00","No","No","Second-Hand Dwelling house /Apartment",""
"25/06/2015","26 BRACKEN PARK DRIVE, CARPENTERSTOWN ROAD, CASTLEKNOCK","Dublin 15","Dublin","€599,118.93","No","Yes","New Dwelling house /Apartment","greater than 125 sq metres"
"25/06/2015","26, Stephen's Lane","Dublin 2","Dublin","€730,000.00","No","No","Second-Hand Dwelling house /Apartment",""
"25/06/2015","3 STOCKTON LAWN, CASTLEKNOCK, DUBLIN 15","Dublin 15","Dublin","€640,000.00","No","No","Second-Hand Dwelling house /Apartment",""
"25/06/2015","30 MELVILLE TERRACE, CITYSIDE, MEAKSTOWN DUBLIN 11","Dublin 11","Dublin","€235,000.00","No","No","Second-Hand Dwelling house /Apartment",""
"25/06/2015","33 WOODVIEW, MOUNT MERRION AVE, BLACKROCK","","Dublin","€450,000.00","No","No","Second-Hand Dwelling house /Apartment",""
"25/06/2015","39 SANDYCOVE RD, SANDYCOVE, DUBLIN","","Dublin","€1,100,000.00","No","No","Second-Hand Dwelling house /Apartment",""
"25/06/2015","4 THE CRESCENT, WOODPARK, BALLINTEER DUBLIN 16","Dublin 16","Dublin","€415,000.00","No","No","Second-Hand Dwelling house /Apartment",""
"25/06/2015","40 Heathfield Way, Cappagh Road, Finglas","Dublin 11","Dublin","€133,954.00","No","Yes","New Dwelling house /Apartment","greater than or equal to 38 sq metres and less than 125 sq metres"
"25/06/2015","55 PROSPECT AVE, RATHFARNHAM, DUBLIN 16","Dublin 16","Dublin","€390,000.00","No","No","Second-Hand Dwelling house /Apartment",""
"25/06/2015","59 TANEY RISE, DUNDRUM, DUBLIN 14","Dublin 14","Dublin","€735,000.00","No","No","Second-Hand Dwelling house /Apartment",""
"25/06/2015","6 HEYWARD MEWS, ROGANSTOWN, SWODS","","Dublin","€300,000.00","No","No","Second-Hand Dwelling house /Apartment",""
"25/06/2015","6 THE CRESCENT, GRIFFITH DOWNS, DRUMCONDRA DUBLIN 9","Dublin 9","Dublin","€505,000.00","No","No","Second-Hand Dwelling house /Apartment",""
"25/06/2015","6 Waterside Close, Waterside, Swords Road","Dublin 9","Dublin","€180,000.00","No","No","Second-Hand Dwelling house /Apartment",""
"25/06/2015","62 CARRIGMORE CRESCENT, SAGGART, DUBLIN","Dublin 24","Dublin","€185,000.00","No","No","Second-Hand Dwelling house /Apartment",""
"25/06/2015","65 KIRKPATRICK HOUSE, SPENCER DOCK, DUBLIN 1","Dublin 1","Dublin","€395,000.00","No","No","Second-Hand Dwelling house /Apartment",""
"25/06/2015","69 ST MAGDALEN TERRACE, STELLA GARDENS, IRISHTOWN","Dublin 4","Dublin","€325,000.00","No","No","Second-Hand Dwelling house /Apartment",""
"25/06/2015","77 SKREEN RD, NAVAN RD, DUBLIN 7","Dublin 7","Dublin","€540,000.00","No","No","Second-Hand Dwelling house /Apartment",""
"25/06/2015","809 RATOATH RD, FINGLAS, DUBLIN 11","Dublin 11","Dublin","€150,000.00","No","No","Second-Hand Dwelling house /Apartment",""
"25/06/2015","9 Hampton Wood Lawns, Finglas","Dublin 11","Dublin","€158,590.00","No","Yes","New Dwelling house /Apartment","greater than or equal to 38 sq metres and less than 125 sq metres"
"25/06/2015","Apartments 1-80 Dundrum View, Dundrum, Dublin 14","Dublin 14","Dublin","€28,050,000.00","No","No","Second-Hand Dwelling house /Apartment",""
"25/06/2015","APT 1 14 RAILWAY ROAD, CLONGRIFFIN, DONAGHMEDE","Dublin 13","Dublin","€54,355.35","Yes","No","Second-Hand Dwelling house /Apartment",""
"25/06/2015","APT 18, THE MOORINGS, FITZWILLIAM QUAY DUBLIN 4","Dublin 15","Dublin","€265,000.00","No","No","Second-Hand Dwelling house /Apartment",""
"25/06/2015","APT B, COLIEMORE, COLIEMORE RD","","Dublin","€750,000.00","No","No","Second-Hand Dwelling house /Apartment",""
"25/06/2015","CARRIGFERN, DUBLIN RD, SHANKILL DUBLIN 18","Dublin 18","Dublin","€367,000.00","Yes","No","Second-Hand Dwelling house /Apartment",""
"25/06/2015","CHAGFORD, 61 ST MARGARETS RD, MALAHIDE","","Dublin","€920,000.00","No","No","Second-Hand Dwelling house /Apartment",""
"25/06/2015","CNOC ALUINN, 92 COLIEMORE RD, DALKEY","","Dublin","€2,500,000.00","No","No","Second-Hand Dwelling house /Apartment",""
"25/06/2015","Currane, Gordon Avenue, Foxrock","Dublin 18","Dublin","€1,400,000.00","No","No","Second-Hand Dwelling house /Apartment",""
"25/06/2015","ELTON PARK HOUSE, ELTON PARK, SANDYCOVE","","Dublin","€795,000.00","No","No","Second-Hand Dwelling house /Apartment",""
"26/06/2015","1 BEVERLY GREEN, KNOCKLYON RD, DUBLIN 16","Dublin 16","Dublin","€440,000.00","No","No","Second-Hand Dwelling house /Apartment",""
"26/06/2015","1 Wellfield, Churchtown Road Upper, Churchtown","Dublin 14","Dublin","€687,225.00","No","Yes","New Dwelling house /Apartment","greater than 125 sq metres"
"26/06/2015","10 GRAND CANAL WHARF, SOUTH DOCK RD, RINGSEND DUBLIN 4","Dublin 4","Dublin","€230,000.00","No","No","Second-Hand Dwelling house /Apartment",""
"26/06/2015","101 CARRIGMORE CRESCENT, CITYWEST, SAGGART","Dublin 24","Dublin","€135,000.00","No","No","Second-Hand Dwelling house /Apartment",""
"26/06/2015","104 FERNLEIGH DR, CASTLEKNOCK, DUBLIN 15","Dublin 15","Dublin","€125,000.00","No","No","Second-Hand Dwelling house /Apartment",""
"26/06/2015","112 ROCKFIELD AVE, PERRYSTOWN, DUBLIN 12","Dublin 12","Dublin","€460,000.00","No","No","Second-Hand Dwelling house /Apartment",""
"26/06/2015","115 Brandon Square, Waterville, Snugborough Road","Dublin 15","Dublin","€268,292.00","No","Yes","New Dwelling house /Apartment","less than 38 sq metres"
"26/06/2015","12 LONGFORD HOUSE, SPENCER DOCK, DUBLIN 1","Dublin 1","Dublin","€275,000.00","No","No","Second-Hand Dwelling house /Apartment",""
"26/06/2015","136 LANDEN RD, BALLYFERMOT, DUBLIN 10","Dublin 10","Dublin","€150,000.00","No","No","Second-Hand Dwelling house /Apartment",""
"26/06/2015","14 Ramleh Close, Milltown, Dublin 6","Dublin 6","Dublin","€1,164,000.00","No","No","Second-Hand Dwelling house /Apartment",""
"26/06/2015","146 PEMBROKE SQ, GRAND CANAL ST, DUBLIN 4","Dublin 4","Dublin","€365,000.00","No","No","Second-Hand Dwelling house /Apartment",""
"26/06/2015","16 Forge Avenue, The Forge, Lusk Village","","Dublin","€224,900.00","No","Yes","New Dwelling house /Apartment","greater than or equal to 38 sq metres and less than 125 sq metres"
"26/06/2015","17  MIMOSA HALL, THE GALLOPS, DUBLIN 18","Dublin 18","Dublin","€102,000.00","Yes","No","Second-Hand Dwelling house /Apartment",""
"26/06/2015","17 BELVEDERE PLACE, DUBLIN 1","","Dublin","€951,000.00","No","No","Second-Hand Dwelling house /Apartment",""
"26/06/2015","17 MOUNT DRINAN PARK, KINSEALY","","Dublin","€322,000.00","No","No","Second-Hand Dwelling house /Apartment",""
"26/06/2015","17 OLD RECTORY PARK, DUNDRUM, DUBLIN 14","Dublin 14","Dublin","€560,000.00","No","No","Second-Hand Dwelling house /Apartment",""
"26/06/2015","18 King Street, Clongriffin, Dublin 13","","Dublin","€264,317.19","No","Yes","New Dwelling house /Apartment","greater than or equal to 38 sq metres and less than 125 sq metres"
"26/06/2015","182 THE ASH, CHARLEVILLE SQ, BUTTERFIELD AVE DUBLIN 14","Dublin 14","Dublin","€162,500.00","No","No","Second-Hand Dwelling house /Apartment",""
"26/06/2015","19 ASHFIELD WAY, BALLBRIGGAN, CO DUBLIN","","Dublin","€136,000.00","No","No","Second-Hand Dwelling house /Apartment",""
"26/06/2015","19 Deerpark Drive, Castleknock","Dublin 15","Dublin","€1,295,000.00","No","No","Second-Hand Dwelling house /Apartment",""
"26/06/2015","19 SHEEPHILL GREEN, BLANCHARDSTOWN, DUBLIN 15","Dublin 15","Dublin","€153,000.00","No","No","Second-Hand Dwelling house /Apartment",""
"26/06/2015","2 GRANGE CRESCENT, POTTERY ROAD, DUN LAOGHAIRE","","Dublin","€355,000.00","No","No","Second-Hand Dwelling house /Apartment",""
"26/06/2015","2 MARTELLO WOOD, STRAND RD, SANDYMOUNT DUBLIN 4","Dublin 4","Dublin","€595,000.00","No","No","Second-Hand Dwelling house /Apartment",""
"26/06/2015","2 Woodside Demense, Belmont  Aikens Village, Stepaside","","Dublin","€405,286.34","No","Yes","New Dwelling house /Apartment","greater than 125 sq metres"
"26/06/2015","20 GLENBOURNE PARK, LEOPARDSTOWN VALLEY, DUBLIN 18","Dublin 18","Dublin","€430,000.00","No","No","Second-Hand Dwelling house /Apartment",""
"26/06/2015","204 CASTLECURRAGH HEATH, MULHUDDART, DUBLIN 15","Dublin 15","Dublin","€140,000.00","No","No","Second-Hand Dwelling house /Apartment",""
"26/06/2015","21 Lad Lane &, 3rd Floor 21 Fitzwilliam Place, Dublin","Dublin 2","Dublin","€1,412,110.00","No","No","Second-Hand Dwelling house /Apartment",""
"26/06/2015","22 TURVEY VILLAS, DONABATE, CO DUBLIN","","Dublin","€145,000.00","No","No","Second-Hand Dwelling house /Apartment",""
"26/06/2015","26 Dermot Street, Clongriffin, Dublin 13","Dublin 13","Dublin","€242,290.00","No","Yes","New Dwelling house /Apartment","greater than 125 sq metres"
"26/06/2015","27 HEATHER DR, RATHFARNHAM, DUBLIN 16","Dublin 16","Dublin","€380,000.00","No","No","Second-Hand Dwelling house /Apartment",""
"26/06/2015","27 ORBY CLOSE, THE GALLOPS, LEOPARDSTOWN","Dublin 18","Dublin","€435,000.00","No","No","Second-Hand Dwelling house /Apartment",""
"26/06/2015","27 SHACKLETON HOUSE, ARCHERSWOOD, DUBLIN 15","Dublin 15","Dublin","€132,500.00","No","No","Second-Hand Dwelling house /Apartment",""
"26/06/2015","29 BERSFORD HOUSE, DUBLIN 1","","Dublin","€212,000.00","No","No","Second-Hand Dwelling house /Apartment",""
"26/06/2015","31 THE GALLERY, TURVEY WALK, DONABATE","","Dublin","€175,000.00","No","No","Second-Hand Dwelling house /Apartment",""
"26/06/2015","33 QUARRY RD, CABRA, DUBLIN 7","Dublin 7","Dublin","€208,000.00","No","No","Second-Hand Dwelling house /Apartment",""
"26/06/2015","353 MALAHIDE MARINA VILLAGE, MALAHIDE, DUBLIN","","Dublin","€330,000.00","No","No","Second-Hand Dwelling house /Apartment",""
"26/06/2015","354 MOURNE ROAD, DRIMNAGH, DUBLIN 12","Dublin 12","Dublin","€222,000.00","No","No","Second-Hand Dwelling house /Apartment",""
"26/06/2015","36 ROSEDALE, TYRCONNELL ST, INCHICORE DUBLIN 8","Dublin 8","Dublin","€186,000.00","No","No","Second-Hand Dwelling house /Apartment",""
"26/06/2015","39 CABRA PARK, PHIBSBOROUGH, DUBLIN 7","Dublin 7","Dublin","€360,000.00","No","No","Second-Hand Dwelling house /Apartment",""
"26/06/2015","394 trimblestown, goatstown, dublin","Dublin 15","Dublin","€440,000.00","No","Yes","New Dwelling house /Apartment","greater than or equal to 38 sq metres and less than 125 sq metres"
"26/06/2015","4 CLANBOY RD, DONNEYCARNEY, DUBLIN 5","Dublin 5","Dublin","€240,000.00","No","No","Second-Hand Dwelling house /Apartment",""
"26/06/2015","4 GRACE PARK HEIGHTS, DRUMCONDRA, DUBLIN 9","Dublin 9","Dublin","€335,000.00","No","No","Second-Hand Dwelling house /Apartment",""
"26/06/2015","4 MAXWELL SQUARE, RATHMINES, DUBLIN 6","Dublin 6","Dublin","€497,797.35","No","Yes","New Dwelling house /Apartment","greater than or equal to 38 sq metres and less than 125 sq metres"
"26/06/2015","4 Roebuck Avenue, Mount Merrion, Dublin 4","Dublin 4","Dublin","€932,500.00","No","No","Second-Hand Dwelling house /Apartment",""
"26/06/2015","408 CUBES, 7 BEACON SOUTH QTR, SANDYFORD","","Dublin","€302,000.00","No","No","Second-Hand Dwelling house /Apartment",""
"26/06/2015","41 ELLENFIELD ROAD, WHITEHALL, DUBLIN 9","Dublin 9","Dublin","€235,000.00","No","No","Second-Hand Dwelling house /Apartment",""
"26/06/2015","42 NORTH STREET, SWORDS, CO DUBLIN","","Dublin","€245,000.00","No","No","Second-Hand Dwelling house /Apartment",""
"26/06/2015","44 THE GROVE, PHEASANT RUN, CLONEE","Dublin 15","Dublin","€310,000.00","No","No","Second-Hand Dwelling house /Apartment",""
"26/06/2015","45 BEAUFORT DOWNS, RATHFARNHAM, DUBLIN 14","Dublin 14","Dublin","€437,500.00","No","No","Second-Hand Dwelling house /Apartment",""
"26/06/2015","46 PARMERS CRESENT, PARMERSTOWN MANOR, PARMERSTOWN DUBLIN 20","Dublin 20","Dublin","€280,000.00","No","No","Second-Hand Dwelling house /Apartment",""
"26/06/2015","49 Ardbeg Park, Artane, Dublin 5","Dublin 5","Dublin","€285,000.00","No","No","Second-Hand Dwelling house /Apartment",""
"26/06/2015","49 Blackhall Sq, Dublin 7","Dublin 7","Dublin","€160,000.00","No","No","Second-Hand Dwelling house /Apartment",""
"26/06/2015","50 EUGENE ST, OFF CORK ST, DUBLIN 8","Dublin 8","Dublin","€180,000.00","No","No","Second-Hand Dwelling house /Apartment",""
"26/06/2015","51 WOODBROOK COURT, RIVERWOOD RD, CASTLEKNOCK DUBLIN 15","Dublin 15","Dublin","€260,000.00","No","No","Second-Hand Dwelling house /Apartment",""
"26/06/2015","53 The Elms, Ridgewood, Swords","","Dublin","€263,825.00","No","Yes","New Dwelling house /Apartment","greater than or equal to 38 sq metres and less than 125 sq metres"
"26/06/2015","56 NORTH STRAND ROAD, FAIRVIEW, DUBLIN 3","Dublin 3","Dublin","€350,000.00","No","No","Second-Hand Dwelling house /Apartment",""
"26/06/2015","57 Mountain View Park, Churchtown, Dublin 14","Dublin 14","Dublin","€335,000.00","No","No","Second-Hand Dwelling house /Apartment",""
"26/06/2015","579 WOODVIEW COTTAGES, RATHFARNHAM, DUBLIN 14","Dublin 14","Dublin","€250,000.00","No","No","Second-Hand Dwelling house /Apartment",""
"26/06/2015","58 Brandon Square, Waterville, Dublin 15","Dublin 15","Dublin","€250,406.00","No","Yes","New Dwelling house /Apartment","less than 38 sq metres"
"26/06/2015","6 HARLECH DOWNS, GOATSTOWN, DUBLIN 14","Dublin 14","Dublin","€630,000.00","No","No","Second-Hand Dwelling house /Apartment",""
"26/06/2015","61 LALLY RD, BALLYFERMOT, DUBLIN 10","Dublin 10","Dublin","€187,000.00","No","No","Second-Hand Dwelling house /Apartment",""
"26/06/2015","62 THE CEDARS, HERBERT PARK LANE, BALLSBRIDGE DUBLIN 4","Dublin 4","Dublin","€426,000.00","No","No","Second-Hand Dwelling house /Apartment",""
"26/06/2015","69 CASTLE WAY, CHANCERY LANE, DUBLIN 8","Dublin 8","Dublin","€481,000.00","No","No","Second-Hand Dwelling house /Apartment",""
"26/06/2015","69 CLONTARF RD, CLONTARF, DUBLIN 3","Dublin 3","Dublin","€675,000.00","No","No","Second-Hand Dwelling house /Apartment",""
"26/06/2015","7 Fairhaven Avenue, Castleknock Road, Castleknock","Dublin 15","Dublin","€440,530.00","No","Yes","New Dwelling house /Apartment","greater than or equal to 38 sq metres and less than 125 sq metres"
"26/06/2015","7 ROSEMOUNT COURT, OFF BOOTERSTOWN AVE, BOOTERSTOWN","","Dublin","€370,000.00","No","No","Second-Hand Dwelling house /Apartment",""
"26/06/2015","70 TRIMLESTON GARDENS, BOOTERSTOWN, BLACKROCK","","Dublin","€495,000.00","No","No","Second-Hand Dwelling house /Apartment",""
"26/06/2015","71 WATERSIDE COURT, WATERSIDE, SWORDS RD","Dublin 9","Dublin","€240,000.00","No","No","Second-Hand Dwelling house /Apartment",""
"26/06/2015","76 Merrion Road, Ballsbridge, Dublin 4","Dublin 4","Dublin","€2,508,000.00","No","No","Second-Hand Dwelling house /Apartment",""
"26/06/2015","77 BROADFORD RISE, BALLINTEER, DUBLIN 16","Dublin 16","Dublin","€480,000.00","No","No","Second-Hand Dwelling house /Apartment",""
"26/06/2015","8 CAMDEN AVE, ROYAL CANAL PARK, DUBLIN 15","Dublin 15","Dublin","€236,000.00","No","No","Second-Hand Dwelling house /Apartment",""
"26/06/2015","8 CONVENT HALL, MOUNT ST ANNES, MILLTOWN DUBLIN 6","Dublin 6","Dublin","€275,000.00","No","No","Second-Hand Dwelling house /Apartment",""
"26/06/2015","8 Cranmer Lane, Ballsbridge","Dublin 4","Dublin","€950,000.00","No","No","Second-Hand Dwelling house /Apartment",""
"26/06/2015","93 IVY COURT, BEAUMONT WOODS, BEAUMONT DUBLIN 9","Dublin 9","Dublin","€110,000.00","No","No","Second-Hand Dwelling house /Apartment",""
"26/06/2015","94 ACORN RD, DUNDRUM, DUBLIN 16","Dublin 16","Dublin","€593,000.00","No","No","Second-Hand Dwelling house /Apartment",""
"26/06/2015","Apartment 3  St. Ann's, Ailesbury Road, Donnybrook","Dublin 4","Dublin","€500,000.00","No","No","Second-Hand Dwelling house /Apartment",""
"26/06/2015","APARTMENT NO. 16, HOUSE 12  LINDEN SQUARE, BLACKROCK","","Dublin","€248,000.00","No","No","Second-Hand Dwelling house /Apartment",""
"26/06/2015","APT 1, PORTLAND LOCK, DORSET ST DUBLIN 1","Dublin 1","Dublin","€170,000.00","No","No","Second-Hand Dwelling house /Apartment",""
"26/06/2015","APT 24, ALMA COURT, ALMA RD","","Dublin","€450,000.00","No","No","Second-Hand Dwelling house /Apartment",""
"26/06/2015","APT 3, NEWTOWN GROVE, BRAEMOR RD DUBLIN 14","Dublin 14","Dublin","€395,000.00","No","No","Second-Hand Dwelling house /Apartment",""
"26/06/2015","Belgrave Park, CHarleston Road","Dublin 6","Dublin","€1,755,000.00","No","No","Second-Hand Dwelling house /Apartment",""
"26/06/2015","GAYBROOK, NORTH AVE, MOUNT MERRION","","Dublin","€860,000.00","No","No","Second-Hand Dwelling house /Apartment",""
"26/06/2015","HARBOUR VIEW HOUSE, HARBOUR RD, HOWTH","Dublin 13","Dublin","€400,000.00","No","No","Second-Hand Dwelling house /Apartment",""
"26/06/2015","LAMBAY VIEW, BALDAR, NAUL","","Dublin","€206,000.00","No","No","Second-Hand Dwelling house /Apartment",""
"26/06/2015","STONE LOFT, BARNHILL RD, DALKEY","","Dublin","€445,000.00","No","No","Second-Hand Dwelling house /Apartment",""
"28/06/2015","34 KINGS COURT, PARNELL ST, DUBLIN 1","Dublin 1","Dublin","€195,000.00","No","No","Second-Hand Dwelling house /Apartment",""
"28/06/2015","45 BANNOW ROAD, CABRA WEST, DUBLIN 7","Dublin 7","Dublin","€200,000.00","No","No","Second-Hand Dwelling house /Apartment",""
"29/06/2015","1 BANK HOUSE, CORNMARKET, DUBLIN 8","Dublin 8","Dublin","€265,000.00","No","No","Second-Hand Dwelling house /Apartment",""
"29/06/2015","1 RAMLEH CLOSE, MILLTOWN, DUBLIN 6","Dublin 6","Dublin","€1,350,000.00","No","No","Second-Hand Dwelling house /Apartment",""
"29/06/2015","1 Stocking Wood Heath, Stocking Avenue, Rathfarnham","Dublin 16","Dublin","€414,950.00","No","Yes","New Dwelling house /Apartment","greater than or equal to 38 sq metres and less than 125 sq metres"
"29/06/2015","10 WOOD DALE GROVE, BALLYCULLEN VIEW, FIRHOUSE DUBLIN 24","Dublin 24","Dublin","€392,000.00","No","No","Second-Hand Dwelling house /Apartment",""
"29/06/2015","104 LEINSTER ROAD, RATHMINES, DUBLIN 6","","Dublin","€510,000.00","No","No","Second-Hand Dwelling house /Apartment",""
"29/06/2015","11 CHURCHTOWN AVE, LOWER CHURCHTOWN RD, DUBLIN 4","Dublin 14","Dublin","€680,000.00","No","No","Second-Hand Dwelling house /Apartment",""
"29/06/2015","12 CASTLEGATE CHASE, ADAMSTOWN, LUCAN","","Dublin","€233,000.00","No","No","Second-Hand Dwelling house /Apartment",""
"29/06/2015","14 SYCAMORE LAWN, CARPENTERSTOWN, CASTLEKNOCK DUBLIN 15","Dublin 15","Dublin","€327,000.00","No","No","Second-Hand Dwelling house /Apartment",""
"29/06/2015","140 THE OAK, CHARLEVILLE SQ, RATHFARNHAM DUBLIN 14","Dublin 14","Dublin","€330,000.00","No","No","Second-Hand Dwelling house /Apartment",""
"29/06/2015","15 BEECH COURT, BALLINCLEA RD, KILLINEY","","Dublin","€905,000.00","No","No","Second-Hand Dwelling house /Apartment",""
"29/06/2015","2 The Mews, Doddervale, Churchtown","Dublin 14","Dublin","€422,500.00","No","Yes","New Dwelling house /Apartment","greater than 125 sq metres"
"29/06/2015","20 ASHFORD, GRIFFITH AVE, DUBLIN 11","Dublin 11","Dublin","€202,999.00","No","No","Second-Hand Dwelling house /Apartment",""
"29/06/2015","20 KINGSTON RISE, BALLINTEER, DUBLIN 16","Dublin 16","Dublin","€392,000.00","No","No","Second-Hand Dwelling house /Apartment",""
"29/06/2015","20 MAPLE DR, CASTLEKNOCK, DUBLIN 15","Dublin 15","Dublin","€410,000.00","No","No","Second-Hand Dwelling house /Apartment",""
"29/06/2015","21 ORCHARDSTOWN DRIVE, TEMPLEOGUE, DUBLIN 14","","Dublin","€450,000.00","No","No","Second-Hand Dwelling house /Apartment",""
"29/06/2015","211 GLENVARA PARK, KNOCKLYON, DUBLIN 16","Dublin 16","Dublin","€350,000.00","No","No","Second-Hand Dwelling house /Apartment",""
"29/06/2015","22 THE COURTHOUSE, RATHCOOLE VILLAGE, RATHCOOLE","","Dublin","€140,000.00","No","No","Second-Hand Dwelling house /Apartment",""
"29/06/2015","25 BOTANIC HALL, OLD FINGLAS RD, GLASNEVIN DUBLIN 11","Dublin 11","Dublin","€188,750.00","No","No","Second-Hand Dwelling house /Apartment",""
"29/06/2015","25 DONNYBROOK CT, BEECHHILL RD, DUBLIN 4","Dublin 4","Dublin","€306,000.00","No","No","Second-Hand Dwelling house /Apartment",""
"29/06/2015","250 Keepers Road, Crumlin","Dublin 12","Dublin","€166,910.00","No","No","Second-Hand Dwelling house /Apartment",""
"29/06/2015","258 Cappagh Road, Finglas","Dublin 11","Dublin","€96,000.00","No","No","Second-Hand Dwelling house /Apartment",""
"29/06/2015","27 College Gate, Townsend Street","Dublin 2","Dublin","€187,500.00","No","No","Second-Hand Dwelling house /Apartment",""
"29/06/2015","270 KILDARE RD, CRUMLIN, DUBLIN 12","Dublin 12","Dublin","€265,000.00","No","No","Second-Hand Dwelling house /Apartment",""
"29/06/2015","28 CHAPEL CLOSE, BALBRIGGAN, DUBLIN","","Dublin","€195,000.00","No","No","Second-Hand Dwelling house /Apartment",""
"29/06/2015","3 CARYSFORT DR, DALKEY, DUBLIN","","Dublin","€770,000.00","No","No","Second-Hand Dwelling house /Apartment",""
"29/06/2015","33 CLEGGAN AVE, DUBLIN 10, DUBLIN","Dublin 10","Dublin","€148,500.00","No","No","Second-Hand Dwelling house /Apartment",""
"29/06/2015","33 CLONTARF PARK, CLONTARF, DUBLIN 3","Dublin 3","Dublin","€586,000.00","No","No","Second-Hand Dwelling house /Apartment",""
"29/06/2015","357 CASEMENT RD, FINGLAS WEST DUBLIN 11, DUBLIN","Dublin 11","Dublin","€203,000.00","No","No","Second-Hand Dwelling house /Apartment",""
"29/06/2015","39 Cherbury Court, Booterstown","","Dublin","€328,000.00","No","No","Second-Hand Dwelling house /Apartment",""
"29/06/2015","39 Ladycove, Palmer Road, Rush","","Dublin","€103,594.00","No","No","Second-Hand Dwelling house /Apartment",""
"29/06/2015","39 WESTPARK, TALLAGHT, DUBLIN 24","Dublin 24","Dublin","€247,000.00","No","No","Second-Hand Dwelling house /Apartment",""
"29/06/2015","4 DUN EMER GREEN, LUSK, DUBLIN","","Dublin","€186,000.00","No","No","Second-Hand Dwelling house /Apartment",""
"29/06/2015","4 SPRINGLAWN RD, BLANCHARDSTOWN, DUBLIN 15","Dublin 15","Dublin","€420,000.00","No","No","Second-Hand Dwelling house /Apartment",""
"29/06/2015","4 THE TURNPIKE, SANTRY CROSS, BALLYMUN","Dublin 11","Dublin","€70,000.00","No","No","Second-Hand Dwelling house /Apartment",""
"29/06/2015","44 LOHUNDA DR, CLONSILLA, DUBLIN","Dublin 15","Dublin","€282,500.00","No","No","Second-Hand Dwelling house /Apartment",""
"29/06/2015","44 SHIELMARTIN DR, SUTTON, DUBLIN 13","Dublin 13","Dublin","€740,000.00","No","No","Second-Hand Dwelling house /Apartment",""
"29/06/2015","46 BAYSIDE BLVD NORTH, SUTTON, DUBLIN 13","Dublin 13","Dublin","€150,000.00","Yes","No","Second-Hand Dwelling house /Apartment",""
"29/06/2015","463 MOURNE RD, DRIMNAGH DUBLIN 12, DUBLIN","Dublin 12","Dublin","€232,000.00","No","No","Second-Hand Dwelling house /Apartment",""
"29/06/2015","468 GRIFFITH AVE, GLASNEVIN, DUBLIN 11","Dublin 11","Dublin","€190,000.00","No","No","Second-Hand Dwelling house /Apartment",""
"29/06/2015","5 Ashurst, Military Road, Kiliney","","Dublin","€1,450,000.00","No","No","Second-Hand Dwelling house /Apartment",""
"29/06/2015","55 DARGLE RD, HOLLYPARK, BLACKROCK","","Dublin","€720,000.00","No","No","Second-Hand Dwelling house /Apartment",""
"29/06/2015","55 GANDON CLOSE, HAROLDS CROSS, DUBLIN 6W","","Dublin","€172,000.00","No","No","Second-Hand Dwelling house /Apartment",""
"29/06/2015","59 SEAFIELD COURT, KILLINEY, DUBLIN","","Dublin","€410,000.00","No","No","Second-Hand Dwelling house /Apartment",""
"29/06/2015","64 BAYSIDE BOULEVARD NORTH, SUTTON, DUBLIN 13","Dublin 13","Dublin","€360,000.00","No","No","Second-Hand Dwelling house /Apartment",""
"29/06/2015","69 PEMBROKE SQ, GRAND CANAL ST UPPER, DUBLIN 4","Dublin 4","Dublin","€320,000.00","No","No","Second-Hand Dwelling house /Apartment",""
"29/06/2015","7 CRUMLIN VILLAGE, CRUMLIN, DUBLIN 12","Dublin 12","Dublin","€260,000.00","No","No","Second-Hand Dwelling house /Apartment",""
"29/06/2015","72 Macroom Road, Coolock, Dublin 17","Dublin 17","Dublin","€235,000.00","No","No","Second-Hand Dwelling house /Apartment",""
"29/06/2015","79 RUSHEENY AVE, HARTSTOWN, CLONSILLA DUBLIN 15","Dublin 15","Dublin","€228,000.00","No","No","Second-Hand Dwelling house /Apartment",""
"29/06/2015","8 GREENWOOD HEIGHTS, BLUNDEN DRIVE, AYRFIELD","","Dublin","€93,334.00","No","No","Second-Hand Dwelling house /Apartment",""
"29/06/2015","8 SEATOWN RD, SWORDS, DUBLIN","","Dublin","€140,000.00","No","No","Second-Hand Dwelling house /Apartment",""
"29/06/2015","8 THE DRIVE, PHEASANT RUN, CLONEE DUBLIN 15","Dublin 15","Dublin","€293,500.00","No","No","Second-Hand Dwelling house /Apartment",""
"29/06/2015","96 North Circular Road, Dublin 7","Dublin 7","Dublin","€207,500.00","No","No","Second-Hand Dwelling house /Apartment",""
"29/06/2015","Apartment 15 Moore House, Loreto Abbey, Rathfarnham","Dublin 14","Dublin","€290,000.00","No","No","Second-Hand Dwelling house /Apartment",""
"29/06/2015","APPARTMENT 4, THE HARDWICK, BRUNSWICK STREET","","Dublin","€200,000.00","No","No","Second-Hand Dwelling house /Apartment",""
"29/06/2015","APT 10 GREENWOOD HEIGHTS, BLUNDEN DRIVE, DUBLIN 13","","Dublin","€93,333.00","No","No","Second-Hand Dwelling house /Apartment",""
"29/06/2015","APT 11 HEADFORT COURT, SUMMERHILL, DUBLIN 1","Dublin 1","Dublin","€157,500.00","No","No","Second-Hand Dwelling house /Apartment",""
"29/06/2015","APT 11, GREENWOOD HEIGHTS, BLUNDEN DRIVE","","Dublin","€93,333.00","No","No","Second-Hand Dwelling house /Apartment",""
"29/06/2015","APT 14 GREENWOOD HEIGHTS, BLUNDEN DRIVE, AYRFIELD","","Dublin","€93,333.00","No","No","Second-Hand Dwelling house /Apartment",""
"29/06/2015","APT 15 GREENWOOD HEIGHTS, BLUNDEN DRIVE, AYRFIELD","","Dublin","€93,333.00","No","No","Second-Hand Dwelling house /Apartment",""
"29/06/2015","Apt 4 Nethercross, Nethercross, Swords","","Dublin","€175,000.00","No","No","Second-Hand Dwelling house /Apartment",""
"29/06/2015","APT 6, 43 EAST ESSEX STREET, DUBLIN 2","","Dublin","€243,000.00","No","No","Second-Hand Dwelling house /Apartment",""
"29/06/2015","APT 7 BISHOPS ORCHARD, TYRRELSTOWN, DUBLIN 15","","Dublin","€62,500.00","No","No","Second-Hand Dwelling house /Apartment",""
"29/06/2015","APT 9 GREENWOOD HEIGHTS, BLUNDEN DRIVE, AYRFIELD","","Dublin","€93,333.00","No","No","Second-Hand Dwelling house /Apartment",""
"29/06/2015","APT. 33 ST CANICES SQ, FINGLAS, DUBLIN 11","Dublin 11","Dublin","€150,000.00","No","No","Second-Hand Dwelling house /Apartment",""
"29/06/2015","DUNROSS, CULDAFF, CO DUBLIN","","Dublin","€76,100.00","No","No","Second-Hand Dwelling house /Apartment",""
"29/06/2015","WHITE WALLS, SYDNEY AVE, BLACKROCK","","Dublin","€910,000.00","No","No","Second-Hand Dwelling house /Apartment",""
"30/06/2015","1 Bernadettes Hall, Richmond Hill, Dublin 6","Dublin 6","Dublin","€135,416.66","No","No","Second-Hand Dwelling house /Apartment",""
"30/06/2015","1 Fairview Court, Fairview Avenue Lower, Dublin 3","Dublin 3","Dublin","€121,875.00","No","No","Second-Hand Dwelling house /Apartment",""
"30/06/2015","1 MANOR HOUSE, ST MARGARETS AVE, MALAHIDE","","Dublin","€330,000.00","No","No","Second-Hand Dwelling house /Apartment",""
"30/06/2015","1 Richmond Manor, 27-30 Richmond Hill, Dublin 6","Dublin 6","Dublin","€143,750.00","No","No","Second-Hand Dwelling house /Apartment",""
"30/06/2015","10 Bernadettes Hall, Richmond Hill, Dublin 6","Dublin 6","Dublin","€135,416.66","No","No","Second-Hand Dwelling house /Apartment",""
"30/06/2015","10 Fairview Avenue, Fairview Avenue, Dublin 3","Dublin 3","Dublin","€180,000.00","No","No","Second-Hand Dwelling house /Apartment",""
"30/06/2015","10 GALTRIM GRANGE, MALAHIDE, DUBLIN","","Dublin","€315,000.00","No","No","Second-Hand Dwelling house /Apartment",""
"30/06/2015","10 KILBARRACK GROVE, KILBARRACK, DUBLIN 5","","Dublin","€470,000.00","No","No","Second-Hand Dwelling house /Apartment",""
"30/06/2015","10 Richmond Manor, 27-30 Richmond Hill, Dublin 6","Dublin 6","Dublin","€143,750.00","No","No","Second-Hand Dwelling house /Apartment",""
"30/06/2015","10 THE VILLA, ST LAWRENCE APARTMENTS, HARBOUR ROAD","","Dublin","€166,000.00","No","No","Second-Hand Dwelling house /Apartment",""
"30/06/2015","105 LANESBOURGH MEWS, ST MARGARETS RD, DUBLIN 11","Dublin 11","Dublin","€173,000.00","No","No","Second-Hand Dwelling house /Apartment",""
"30/06/2015","11 Bernadettes HAll, Richmond Hill, Dublin 6","Dublin 6","Dublin","€135,416.66","No","No","Second-Hand Dwelling house /Apartment",""
"30/06/2015","11 CRUISE PARK AVE, TYRELLSTOWN, DUBLIN 15","Dublin 15","Dublin","€279,000.00","No","No","Second-Hand Dwelling house /Apartment",""
"30/06/2015","11 PARK AVE, CLONGRIFFIN, DUBLIN","Dublin 13","Dublin","€310,000.00","No","No","Second-Hand Dwelling house /Apartment",""
"30/06/2015","11 Richmond Manor, 27-30 Richmond Hill, Dublin 6","Dublin 6","Dublin","€143,750.00","No","No","Second-Hand Dwelling house /Apartment",""
"30/06/2015","11 SOMERTON, ROCHESTOWN AVE, DUN LAOGHAIRE","","Dublin","€425,000.00","No","No","Second-Hand Dwelling house /Apartment",""
"30/06/2015","11 THOMOND RD, BALLYFERMOT, DUBLIN 10","Dublin 10","Dublin","€182,000.00","No","No","Second-Hand Dwelling house /Apartment",""
"30/06/2015","12 Bernadettes Hall, Richmond Hill, Dublin 6","Dublin 6","Dublin","€135,416.66","No","No","Second-Hand Dwelling house /Apartment",""
"30/06/2015","12 Richmond Manor, 27-30 Richmond Hill, Dublin 6","Dublin 6","Dublin","€143,750.00","No","No","Second-Hand Dwelling house /Apartment",""
"30/06/2015","126 BREGA, HAMLET LANE, BALBRIGGAN","","Dublin","€155,000.00","No","No","Second-Hand Dwelling house /Apartment",""
"30/06/2015","128 ABBEY DR, RIVERSTON ABBEY, NAVAN RD DUBLIN 7","Dublin 7","Dublin","€390,000.00","No","No","Second-Hand Dwelling house /Apartment",""
"30/06/2015","13 WATERSIDE CRESCENT, PORTMARNOCK, DUBLIN","Dublin 13","Dublin","€505,000.00","No","No","Second-Hand Dwelling house /Apartment",""
"30/06/2015","14 Kilamainham Square, Kilmainham","Dublin 8","Dublin","€360,000.00","No","No","Second-Hand Dwelling house /Apartment",""
"30/06/2015","16 Rochdale, Honey Park, Dun Laoghaire","","Dublin","€157,250.00","Yes","Yes","New Dwelling house /Apartment","greater than or equal to 38 sq metres and less than 125 sq metres"
"30/06/2015","166 Collins Avenue, Whitehall","Dublin 9","Dublin","€375,000.00","No","No","Second-Hand Dwelling house /Apartment",""
"30/06/2015","18 Broadfield Green, Broadfield Manor, Rathcoole","","Dublin","€299,559.47","No","Yes","New Dwelling house /Apartment","greater than or equal to 38 sq metres and less than 125 sq metres"
"30/06/2015","19 Dock Mills Apartment, Barrow Street","Dublin 4","Dublin","€365,000.00","No","No","Second-Hand Dwelling house /Apartment",""
"30/06/2015","2 BEECHMOUNT DR, CLONSKEAGH, DUBLIN 14","Dublin 14","Dublin","€575,000.00","No","No","Second-Hand Dwelling house /Apartment",""
"30/06/2015","2 Bernadettes Hall, Richmond Hill, Dublin 6","Dublin 6","Dublin","€135,416.66","No","No","Second-Hand Dwelling house /Apartment",""
"30/06/2015","2 Fairview Court, Fairrview Avenue Lower, Dublin 3","Dublin 3","Dublin","€121,875.00","No","No","Second-Hand Dwelling house /Apartment",""
"30/06/2015","2 Richmond Manor, 27-30 Richmond Hill, Dublin 6","Dublin 6","Dublin","€143,750.00","No","No","Second-Hand Dwelling house /Apartment",""
"30/06/2015","2 The Close, Millers gllen, Swords","","Dublin","€274,798.00","No","Yes","New Dwelling house /Apartment","greater than or equal to 38 sq metres and less than 125 sq metres"
"30/06/2015","20 NTH GREAT CHARLES ST, DUBLIN 1, DUBLIN","Dublin 15","Dublin","€255,000.00","No","No","Second-Hand Dwelling house /Apartment",""
"30/06/2015","20 RUSSELL CRESCENT, RUSSELL SQ, TALLAGHT DUBLIN 24","Dublin 24","Dublin","€155,000.00","No","No","Second-Hand Dwelling house /Apartment",""
"30/06/2015","21 ABBEYFIELD, KILLESTER, DUBLIN 5","Dublin 5","Dublin","€408,000.00","No","No","Second-Hand Dwelling house /Apartment",""
"30/06/2015","21 Carnagie Drive  HoneyPark, DunLaoghaire","","Dublin","€594,468.00","No","Yes","New Dwelling house /Apartment","greater than or equal to 38 sq metres and less than 125 sq metres"
"30/06/2015","21 KENNELSFORT RD, PALMERSTOWN, DUBLIN","Dublin 20","Dublin","€255,000.00","No","No","Second-Hand Dwelling house /Apartment",""
"30/06/2015","22 GRANDE CENTRAL, ROCKBROOK, SANDYFORD DUBLIN 18","Dublin 18","Dublin","€230,000.00","No","No","Second-Hand Dwelling house /Apartment",""
"30/06/2015","24 ELY CLOSE, DUBLIN 24, DUBLIN","Dublin 24","Dublin","€260,000.00","No","No","Second-Hand Dwelling house /Apartment",""
"30/06/2015","27 BISCAYNE, COAST RD, MALAHIDE","","Dublin","€644,400.00","No","No","Second-Hand Dwelling house /Apartment",""
"30/06/2015","28 BROOKDALE RD, RIVERVALLEY, SWORDS","","Dublin","€293,000.00","No","No","Second-Hand Dwelling house /Apartment",""
"30/06/2015","3 Bernadette Hall, Richmond Hill, Dublin 6","Dublin 6","Dublin","€135,416.66","No","No","Second-Hand Dwelling house /Apartment",""
"30/06/2015","3 Fairview Court, Fairview Avenue Lower, Dublin 3","Dublin 3","Dublin","€121,875.00","No","No","Second-Hand Dwelling house /Apartment",""
"30/06/2015","3 HUNTERS CRESCENT, HUNTERS WOOD, BALLYCULLEN DUBLIN 24","Dublin 24","Dublin","€323,000.00","No","No","Second-Hand Dwelling house /Apartment",""
"30/06/2015","3 Richmond Manor, 27-30 Richmond Hill, Dublin 6","Dublin 6","Dublin","€143,750.00","No","No","Second-Hand Dwelling house /Apartment",""
"30/06/2015","3 ROSEBANK VIEW, CLONDALKIN DUBLIN 22, DUBLIN","Dublin 22","Dublin","€145,000.00","No","No","Second-Hand Dwelling house /Apartment",""
"30/06/2015","3 ROSEHALL, TEMPLEOGUE, DUBLIN 6W","","Dublin","€505,000.00","No","No","Second-Hand Dwelling house /Apartment",""
"30/06/2015","30 BROOKVALE DOWNS, RATHFARNHAM, DUBLIN 14","Dublin 14","Dublin","€465,000.00","No","No","Second-Hand Dwelling house /Apartment",""
"30/06/2015","31 FITZWILLIAM COURT, WINTON RD, DUBLIN 6","Dublin 6","Dublin","€235,000.00","No","No","Second-Hand Dwelling house /Apartment",""
"30/06/2015","32 BELFRY PARK, CITYWEST, DUBLIN 24","","Dublin","€110,000.00","No","No","Second-Hand Dwelling house /Apartment",""
"30/06/2015","33 Gandon Hall, Gardners Street, Dublin","Dublin 1","Dublin","€156,500.00","No","No","Second-Hand Dwelling house /Apartment",""
"30/06/2015","35 ALDEMERE DR, CLONSILLA, DUBLIN 15","Dublin 15","Dublin","€324,000.00","No","No","Second-Hand Dwelling house /Apartment",""
"30/06/2015","38 KNOCKFIELD MANOR, KNOCKLYON, DUBLIN 16","Dublin 16","Dublin","€545,000.00","No","No","Second-Hand Dwelling house /Apartment",""
"30/06/2015","4 Bartra Rock, Harbour Road, Dalkey","","Dublin","€1,150,000.00","No","No","Second-Hand Dwelling house /Apartment",""
"30/06/2015","4 Bernadette Hall, Richmond Hill, Dublin 6","Dublin 6","Dublin","€135,416.66","No","No","Second-Hand Dwelling house /Apartment",""
"30/06/2015","4 Fairview Court, Fairview Avenue Lower, Dublin 3","Dublin 3","Dublin","€121,875.00","No","No","Second-Hand Dwelling house /Apartment",""
"30/06/2015","4 Richmond Manor, 27-30 Richmond Hill, Dublin 6","Dublin 6","Dublin","€143,750.00","No","No","Second-Hand Dwelling house /Apartment",""
"30/06/2015","44 DE SELBY CRESCENT, BLESSINGTON RD, TALLAGHT","Dublin 24","Dublin","€195,000.00","No","No","Second-Hand Dwelling house /Apartment",""
"30/06/2015","44 THE MALTINGS, BONHAM STREET, DUBLIN 8","","Dublin","€148,000.00","No","No","Second-Hand Dwelling house /Apartment",""
"30/06/2015","456 BALLYFERMOT RD, DUBLIN 10, DUBLIN","Dublin 10","Dublin","€175,000.00","No","No","Second-Hand Dwelling house /Apartment",""
"30/06/2015","5 Bernadette Hall, Richmond Hill, Dublin 6","Dublin 6","Dublin","€135,416.66","No","No","Second-Hand Dwelling house /Apartment",""
"30/06/2015","5 Fairview Court, Fairview Avenue Lower, Dublin 3","Dublin 3","Dublin","€121,875.00","No","No","Second-Hand Dwelling house /Apartment",""
"30/06/2015","5 Richmond Manor, 27-30 Richmond Hill, Dublin 6","Dublin 6","Dublin","€143,750.00","No","No","Second-Hand Dwelling house /Apartment",""
"30/06/2015","52 TEMPLE LAWNS, SANTRY, DUBLIN 9","Dublin 9","Dublin","€183,000.00","No","No","Second-Hand Dwelling house /Apartment",""
"30/06/2015","54 THE ELMS, RIDGEWOOD, FORREST ROAD  SWORDS","","Dublin","€277,533.00","No","Yes","New Dwelling house /Apartment","greater than or equal to 38 sq metres and less than 125 sq metres"
"30/06/2015","6 Bernadette Hall, Richmond Hill, Dublin 6","Dublin 6","Dublin","€135,416.66","No","No","Second-Hand Dwelling house /Apartment",""
"30/06/2015","6 Fairhaven Avenue, Castleknock Road","Dublin 15","Dublin","€620,000.00","No","Yes","New Dwelling house /Apartment","greater than or equal to 38 sq metres and less than 125 sq metres"
"30/06/2015","6 Fairview Court, Fairview Avenue Lower, Dublin 3","Dublin 3","Dublin","€121,875.00","No","No","Second-Hand Dwelling house /Apartment",""
"30/06/2015","6 Richmond Manor, 27-30 Richmond Hill, Dublin 6","Dublin 6","Dublin","€143,750.00","No","No","Second-Hand Dwelling house /Apartment",""
"30/06/2015","64 MURTAGH ROAD, MANOR ST, DUBLIN 7","Dublin 7","Dublin","€114,000.00","Yes","No","Second-Hand Dwelling house /Apartment",""
"30/06/2015","65 BARONS PARK, FLEMINGTON, BALBRIGGAN","","Dublin","€118,000.00","No","No","Second-Hand Dwelling house /Apartment",""
"30/06/2015","68 THE CHANDLER, THE VILLAGE CENTRE, ASHTOWN RD DUBLIN 15","Dublin 15","Dublin","€232,500.00","No","No","Second-Hand Dwelling house /Apartment",""
"30/06/2015","7 Bernadettes Hall, Richmond Hill, Dublin 6","Dublin 6","Dublin","€135,416.66","No","No","Second-Hand Dwelling house /Apartment",""
"30/06/2015","7 Fairview Court, Fairview Avenue Lower, Dublin 3","Dublin 3","Dublin","€121,875.00","No","No","Second-Hand Dwelling house /Apartment",""
"30/06/2015","7 GLENAGEARY LODGE, GLENAGEARY, DUBLIN","","Dublin","€620,000.00","No","No","Second-Hand Dwelling house /Apartment",""
"30/06/2015","7 Richmond Manor, 27-30 Richmond Hill, Dublin 6","Dublin 6","Dublin","€143,750.00","No","No","Second-Hand Dwelling house /Apartment",""
"30/06/2015","71 MOUNT EAGLE DR, LEOPARDSTOWN, DUBLIN 18","Dublin 15","Dublin","€420,000.00","No","No","Second-Hand Dwelling house /Apartment",""
"30/06/2015","75 RICKMOND PARK, MONKSTOWN, DUBLIN","","Dublin","€399,500.00","No","No","Second-Hand Dwelling house /Apartment",""
"30/06/2015","8 Bernadette Hall, Richmond Hill, Dublin 6","Dublin 6","Dublin","€135,416.66","No","No","Second-Hand Dwelling house /Apartment",""
"30/06/2015","8 Fairhaven Avenue, CAstleknock","","Dublin","€440,528.00","No","Yes","New Dwelling house /Apartment","greater than or equal to 38 sq metres and less than 125 sq metres"
"30/06/2015","8 Fairview Court, Fairview Avenue Lower, Dublin 3","Dublin 3","Dublin","€121,875.00","No","No","Second-Hand Dwelling house /Apartment",""
"30/06/2015","8 HANOVER WHARF, HANOVER QUAY, DUBLIN 2","Dublin 2","Dublin","€450,000.00","No","No","Second-Hand Dwelling house /Apartment",""
"30/06/2015","8 Richmond Manor, 27-30 Richmond Hill, Dublin 6","Dublin 6","Dublin","€143,750.00","No","No","Second-Hand Dwelling house /Apartment",""
"30/06/2015","89 BEECH HOUSE, MESPIL HOUSE FLATS ESTATE, SUSSEX RD DUBLIN 4","Dublin 4","Dublin","€335,000.00","No","No","Second-Hand Dwelling house /Apartment",""
"30/06/2015","9 Bernadettes Hall, Richmond Hill, Dublin 6","Dublin 6","Dublin","€135,416.66","No","No","Second-Hand Dwelling house /Apartment",""
"30/06/2015","9 Richmond  Manor, 27-30 Richmond Hill, Dublin 6","Dublin 6","Dublin","€143,750.00","No","No","Second-Hand Dwelling house /Apartment",""
"30/06/2015","91 HANOVER RIVERSIDE, HANOVER QUAY, DUBLIN 2","","Dublin","€350,000.00","No","No","Second-Hand Dwelling house /Apartment",""
"30/06/2015","APARTMENT 11 DAME COURT, 50/52 DAME STREET, DUBLIN 2","","Dublin","€186,500.00","No","No","Second-Hand Dwelling house /Apartment",""
"30/06/2015","Apartment 79, 109 Parnell Street, Dublin 1","Dublin 1","Dublin","€100,000.00","No","No","Second-Hand Dwelling house /Apartment",""
"30/06/2015","Apartment 81, 109 Parnell Street, Dublin 1","Dublin 1","Dublin","€100,000.00","No","No","Second-Hand Dwelling house /Apartment",""
"30/06/2015","Apartment 83, 109 Parnell Street, Dublin 1","Dublin 1","Dublin","€100,000.00","No","No","Second-Hand Dwelling house /Apartment",""
"30/06/2015","Apartment 84, 109 Parnell Street, Dublin 1","Dublin 1","Dublin","€100,000.00","No","No","Second-Hand Dwelling house /Apartment",""
"30/06/2015","Apartment 9, Bloomfield Park, Donnybrook  Dublin 4","Dublin 4","Dublin","€371,100.00","No","No","Second-Hand Dwelling house /Apartment",""
"30/06/2015","APT 1 3, 365 COLLINS AVE, WHITEHALL DUBLIN 9","Dublin 9","Dublin","€150,000.00","No","No","Second-Hand Dwelling house /Apartment",""
"30/06/2015","APT 1 4, 365 COLLINS AVE, WHITEHALL DUBLIN 9","Dublin 9","Dublin","€150,000.00","No","No","Second-Hand Dwelling house /Apartment",""
"30/06/2015","APT 10A, KINGS COURT, AUGHRIM ST DUBLIN 7","Dublin 7","Dublin","€245,000.00","No","No","Second-Hand Dwelling house /Apartment",""
"30/06/2015","APT 175, MALAHIDE MARINA VILLAGE, MALAHIDE","","Dublin","€380,000.00","No","No","Second-Hand Dwelling house /Apartment",""
"30/06/2015","APT 1, OFFINGTON MANOR APTS, OFFINGTON PARK DUBLIN 13","Dublin 13","Dublin","€510,000.00","No","No","Second-Hand Dwelling house /Apartment",""
"30/06/2015","APT 22, PORTVIEW HOUSE, THORNCASTLE ST DUBLIN 4","Dublin 15","Dublin","€360,000.00","No","No","Second-Hand Dwelling house /Apartment",""
"30/06/2015","APT 29, MOLAND HOUSE, 10 TALBOT ST DUBLIN 1","Dublin 1","Dublin","€296,000.00","No","No","Second-Hand Dwelling house /Apartment",""
"30/06/2015","APT 52B, WESTEND GATE, TALLAGHT DUBLIN 24","Dublin 24","Dublin","€174,000.00","No","No","Second-Hand Dwelling house /Apartment",""
"30/06/2015","Four Winds, Brighton Road, Foxrock","Dublin 18","Dublin","€3,450,000.00","No","No","Second-Hand Dwelling house /Apartment",""
"30/06/2015","PARK LODGE, CHAPEL HILL, LUCAN","","Dublin","€225,000.00","No","No","Second-Hand Dwelling house /Apartment",""
"30/06/2015","ROSELAWN, BRAY RD, FOXROCK DUBLIN 18","Dublin 18","Dublin","€1,750,000.00","No","No","Second-Hand Dwelling house /Apartment",""
"30/06/2015","TUSKAR LODGE, KILEEN, OLDTOWN","","Dublin","€470,000.00","No","No","Second-Hand Dwelling house /Apartment",""
"30/06/2015","UNIT 64 THE WATERFRONT, HANOVER QUAY, DUBLIN CITY","Dublin 2","Dublin","€680,000.00","No","No","Second-Hand Dwelling house /Apartment",""
